Ori/ps_team/tsdiagram/t_s_diagram/20190705_13.cnv
* Sea-Bird SBE 19plus V2 Data File:
* FileName = D:\CTD Data\제주대학교 20190703\20190705_13.hex
* Software Version Seasave V 7.26.7.107
* Temperature SN = 7813
* Conductivity SN = 7813
* System UpLoad Time = Jul 05 2019 19:59:01
** Ship: ara
** Station: st.10
** Operator: jblee
# nquan = 9
# nvalues = 30                          
# units = specified
# name 0 = prdM: Pressure, Strain Gauge [db]
# name 1 = depSM: Depth [salt water, m], lat = 0.00
# name 2 = tv290C: Temperature [ITS-90, deg C]
# name 3 = sal00: Salinity, Practical [PSU]
# name 4 = density00: Density [density, kg/m^3]
# name 5 = sbeox0Mg/L: Oxygen, SBE 43 [mg/l]
# name 6 = flECO-AFL: Fluorescence, WET Labs ECO-AFL/FL [mg/m^3]
# name 7 = scan: Scan Count
# name 8 = flag: flag
# span 0 =      1.013,     30.157       
# span 1 =      1.000,     30.000       
# span 2 =    19.2413,    23.1780       
# span 3 =    30.1449,    30.5806       
# span 4 =  1020.4110,  1021.7151       
# span 5 =     6.1792,     8.9894       
# span 6 =     1.0408,     4.4132       
# span 7 =        481,        859       
# span 8 = 0.0000e+00, 0.0000e+00       
# interval = meters: 1                  
# start_time = Jul 05 2019 10:59:01 [System UTC, header]
# bad_flag = -9.990e-29
*END*
      1.013      1.000    23.1780    30.4100  1020.4110     8.9203     1.8450        481 0.0000e+00
      2.030      2.000    22.8112    30.3453  1020.4695     8.9038     2.0822        490 0.0000e+00
      3.037      3.000    22.5899    30.4047  1020.5809     8.9297     2.5374        496 0.0000e+00
      4.040      4.000    22.3982    30.3463  1020.5941     8.9894     2.8030        502 0.0000e+00
      5.045      5.000    22.1777    30.4169  1020.7129     8.9169     3.0477        509 0.0000e+00
      6.051      6.000    21.0100    30.1449  1020.8250     8.8675     3.2031        516 0.0000e+00
      7.056      7.000    20.0269    30.4873  1021.3477     7.7312     4.0827        523 0.0000e+00
      8.062      8.000    19.8692    30.5281  1021.4234     7.2424     4.4132        530 0.0000e+00
      9.065      9.000    19.7681    30.5582  1021.4766     7.1922     4.1954        537 0.0000e+00
     10.074     10.000    19.7481    30.5630  1021.4897     7.0751     3.9638        544 0.0000e+00
     11.080     11.000    19.7239    30.5589  1021.4972     7.0730     3.8926        551 0.0000e+00
     12.083     12.000    19.6884    30.5553  1021.5079     7.0210     3.7281        557 0.0000e+00
     13.088     13.000    19.5786    30.5524  1021.5380     6.8450     3.3502        565 0.0000e+00
     14.097     14.000    19.4927    30.5462  1021.5595     6.5900     2.7081        572 0.0000e+00
     15.101     15.000    19.4037    30.5617  1021.5981     6.4416     2.2265        579 0.0000e+00
     16.106     16.000    19.3721    30.5714  1021.6180     6.3340     1.7533        586 0.0000e+00
     17.113     17.000    19.3666    30.5806  1021.6307     6.3490     1.6385        592 0.0000e+00
     18.120     18.000    19.3724    30.5599  1021.6179     6.3736     1.5318        599 0.0000e+00
     19.124     19.000    19.3127    30.5691  1021.6444     6.3520     1.4272        605 0.0000e+00
     20.130     20.000    19.3094    30.5732  1021.6528     6.2582     1.2409        612 0.0000e+00
     21.136     21.000    19.2956    30.5705  1021.6585     6.2910     1.2261        619 0.0000e+00
     22.142     22.000    19.2838    30.5734  1021.6682     6.2553     1.2007        625 0.0000e+00
     23.146     23.000    19.2850    30.5773  1021.6753     6.2277     1.1617        631 0.0000e+00
     24.148     24.000    19.2817    30.5702  1021.6752     6.2287     1.1635        639 0.0000e+00
     25.158     25.000    19.2678    30.5731  1021.6853     6.2470     1.1599        647 0.0000e+00
     26.163     26.000    19.2559    30.5722  1021.6919     6.2374     1.1135        653 0.0000e+00
     27.161     27.000    19.2495    30.5754  1021.7004     6.1921     1.0476        662 0.0000e+00
     28.171     28.000    19.2461    30.5750  1021.7054     6.1979     1.0584        673 0.0000e+00
     29.173     29.000    19.2443    30.5761  1021.7112     6.2019     1.0408        681 0.0000e+00
     30.157     30.000    19.2413    30.5746  1021.7151     6.1792     1.0438        859 0.0000e+00
