Ori/ps_team/tsdiagram/t_s_diagram/20190705_14.cnv
* Sea-Bird SBE 19plus V2 Data File:
* FileName = D:\CTD Data\제주대학교 20190703\20190705_14.hex
* Software Version Seasave V 7.26.7.107
* Temperature SN = 7813
* Conductivity SN = 7813
* System UpLoad Time = Jul 05 2019 22:39:53
** Ship: ara
** Station: st.14
** Operator: jblee
# nquan = 9
# nvalues = 33                          
# units = specified
# name 0 = prdM: Pressure, Strain Gauge [db]
# name 1 = depSM: Depth [salt water, m], lat = 0.00
# name 2 = tv290C: Temperature [ITS-90, deg C]
# name 3 = sal00: Salinity, Practical [PSU]
# name 4 = density00: Density [density, kg/m^3]
# name 5 = sbeox0Mg/L: Oxygen, SBE 43 [mg/l]
# name 6 = flECO-AFL: Fluorescence, WET Labs ECO-AFL/FL [mg/m^3]
# name 7 = scan: Scan Count
# name 8 = flag: flag
# span 0 =      1.015,     33.183       
# span 1 =      1.000,     33.000       
# span 2 =    21.6383,    22.1597       
# span 3 =    31.7189,    31.7715       
# span 4 =  1021.7187,  1022.0089       
# span 5 =     6.1179,     6.9908       
# span 6 =     1.4127,     2.7934       
# span 7 =         83,        381       
# span 8 = 0.0000e+00, 0.0000e+00       
# interval = meters: 1                  
# start_time = Jul 05 2019 13:39:53 [System UTC, header]
# bad_flag = -9.990e-29
*END*
      1.015      1.000    22.1597    31.7603  1021.7187     6.9717     2.5405         83 0.0000e+00
      2.032      2.000    22.1557    31.7656  1021.7281     6.9211     2.5537        137 0.0000e+00
      3.034      3.000    22.1553    31.7629  1021.7306     6.9552     2.5529        139 0.0000e+00
      4.040      4.000    22.1485    31.7605  1021.7351     6.9908     2.7934        146 0.0000e+00
      5.048      5.000    22.0915    31.7279  1021.7305     6.9611     2.6256        152 0.0000e+00
      6.055      6.000    21.9087    31.7189  1021.7784     6.7922     2.6505        158 0.0000e+00
      7.057      7.000    21.7993    31.7539  1021.8394     6.3881     2.4376        164 0.0000e+00
      8.061      8.000    21.7049    31.7426  1021.8610     6.2360     2.2576        171 0.0000e+00
      9.072      9.000    21.6515    31.7682  1021.8994     6.1713     2.1812        178 0.0000e+00
     10.077     10.000    21.6488    31.7662  1021.9030     6.1179     1.7191        183 0.0000e+00
     11.078     11.000    21.6424    31.7677  1021.9103     6.1751     1.4989        189 0.0000e+00
     12.084     12.000    21.6423    31.7696  1021.9161     6.1559     1.5257        197 0.0000e+00
     13.093     13.000    21.6503    31.7683  1021.9173     6.1923     1.6078        203 0.0000e+00
     14.098     14.000    21.6500    31.7667  1021.9206     6.2103     1.6016        209 0.0000e+00
     15.101     15.000    21.6473    31.7677  1021.9265     6.1963     1.5046        215 0.0000e+00
     16.107     16.000    21.6510    31.7683  1021.9304     6.1858     1.5467        222 0.0000e+00
     17.116     17.000    21.6520    31.7662  1021.9328     6.2073     1.5977        228 0.0000e+00
     18.120     18.000    21.6493    31.7644  1021.9366     6.1848     1.5551        234 0.0000e+00
     19.124     19.000    21.6463    31.7658  1021.9428     6.2091     1.5185        240 0.0000e+00
     20.130     20.000    21.6443    31.7671  1021.9488     6.1974     1.6553        247 0.0000e+00
     21.139     21.000    21.6459    31.7660  1021.9520     6.1733     1.5841        253 0.0000e+00
     22.142     22.000    21.6402    31.7677  1021.9592     6.1767     1.5836        259 0.0000e+00
     23.145     23.000    21.6385    31.7684  1021.9645     6.1372     1.5728        265 0.0000e+00
     24.152     24.000    21.6383    31.7685  1021.9691     6.1308     1.6147        272 0.0000e+00
     25.159     25.000    21.6390    31.7690  1021.9736     6.1636     1.4127        279 0.0000e+00
     26.162     26.000    21.6397    31.7683  1021.9773     6.1551     1.4129        285 0.0000e+00
     27.168     27.000    21.6394    31.7690  1021.9823     6.1631     1.4448        293 0.0000e+00
     28.175     28.000    21.6397    31.7687  1021.9864     6.1587     1.5075        299 0.0000e+00
     29.173     29.000    21.6401    31.7689  1021.9908     6.1619     1.5155        308 0.0000e+00
     30.181     30.000    21.6427    31.7699  1021.9953     6.1641     1.4946        318 0.0000e+00
     31.187     31.000    21.6416    31.7696  1021.9997     6.1266     1.4646        327 0.0000e+00
     32.191     32.000    21.6430    31.7713  1022.0050     6.1362     1.4615        337 0.0000e+00
     33.183     33.000    21.6448    31.7715  1022.0089     6.1341     1.4643        381 0.0000e+00
