Ori/ps_team/tsdiagram/t_s_diagram/20190706_19.cnv
* Sea-Bird SBE 19plus V2 Data File:
* FileName = D:\CTD Data\제주대학교 20190703\20190706_19.hex
* Software Version Seasave V 7.26.7.107
* Temperature SN = 7813
* Conductivity SN = 7813
* System UpLoad Time = Jul 06 2019 20:47:41
** Ship: ara
** Station: st.19
** Operator: jblee
# nquan = 9
# nvalues = 94                          
# units = specified
# name 0 = prdM: Pressure, Strain Gauge [db]
# name 1 = depSM: Depth [salt water, m], lat = 0.00
# name 2 = tv290C: Temperature [ITS-90, deg C]
# name 3 = sal00: Salinity, Practical [PSU]
# name 4 = density00: Density [density, kg/m^3]
# name 5 = sbeox0Mg/L: Oxygen, SBE 43 [mg/l]
# name 6 = flECO-AFL: Fluorescence, WET Labs ECO-AFL/FL [mg/m^3]
# name 7 = scan: Scan Count
# name 8 = flag: flag
# span 0 =      2.026,     95.558       
# span 1 =      2.000,     95.000       
# span 2 =    19.3080,    27.3650       
# span 3 =    33.9346,    34.6942       
# span 4 =  1021.8225,  1025.1119       
# span 5 =     5.1743,     6.6263       
# span 6 =     0.0714,     0.7786       
# span 7 =        204,       1009       
# span 8 = 0.0000e+00, 0.0000e+00       
# interval = meters: 1                  
# start_time = Jul 06 2019 11:47:41 [System UTC, header]
# bad_flag = -9.990e-29
*END*
      2.026      2.000    27.3426    33.9449  1021.8225     5.5420     0.0881        204 0.0000e+00
      3.033      3.000    27.3650    33.9573  1021.8290     6.2651     0.0911        304 0.0000e+00
      4.036      4.000    27.1019    33.9483  1021.9107     6.3442     0.0714        321 0.0000e+00
      5.051      5.000    26.9599    33.9793  1021.9837     6.3445     0.0948        328 0.0000e+00
      6.052      6.000    27.0221    34.0228  1022.0009     6.3532     0.0866        333 0.0000e+00
      7.058      7.000    27.0443    33.9487  1021.9424     6.3501     0.0788        340 0.0000e+00
      8.065      8.000    26.8808    33.9346  1021.9880     6.3342     0.0801        346 0.0000e+00
      9.066      9.000    26.7541    33.9731  1022.0616     6.3604     0.0929        353 0.0000e+00
     10.073     10.000    26.7270    33.9804  1022.0800     6.3525     0.0973        360 0.0000e+00
     11.080     11.000    26.7107    33.9787  1022.0881     6.3772     0.0874        367 0.0000e+00
     12.087     12.000    26.7006    33.9810  1022.0973     6.3755     0.0913        373 0.0000e+00
     13.091     13.000    26.6959    33.9827  1022.1044     6.3607     0.0800        379 0.0000e+00
     14.096     14.000    26.6956    33.9864  1022.1117     6.3755     0.0836        386 0.0000e+00
     15.104     15.000    26.6995    34.0010  1022.1257     6.3676     0.0752        392 0.0000e+00
     16.107     16.000    26.7136    34.0203  1022.1401     6.3668     0.0844        398 0.0000e+00
     17.110     17.000    26.7339    34.0425  1022.1548     6.3427     0.0987        405 0.0000e+00
     18.120     18.000    26.7445    34.0553  1022.1654     6.3408     0.0933        413 0.0000e+00
     19.130     19.000    26.7500    34.0697  1022.1787     6.3642     0.0861        418 0.0000e+00
     20.130     20.000    26.7494    34.0953  1022.2026     6.3812     0.0972        424 0.0000e+00
     21.131     21.000    26.7422    34.1144  1022.2235     6.3921     0.1050        431 0.0000e+00
     22.138     22.000    26.7402    34.1229  1022.2349     6.3877     0.0906        440 0.0000e+00
     23.154     23.000    26.7375    34.1312  1022.2463     6.4115     0.0929        447 0.0000e+00
     24.159     24.000    26.7353    34.1370  1022.2557     6.4054     0.0949        451 0.0000e+00
     25.158     25.000    26.7331    34.1482  1022.2692     6.3902     0.0977        456 0.0000e+00
     26.160     26.000    26.7268    34.1619  1022.2858     6.3929     0.0939        464 0.0000e+00
     27.164     27.000    26.6896    34.2212  1022.3465     6.4186     0.0986        473 0.0000e+00
     28.177     28.000    26.6635    34.2462  1022.3780     6.4102     0.1068        481 0.0000e+00
     29.189     29.000    26.6035    34.2373  1022.3946     6.4484     0.1130        486 0.0000e+00
     30.191     30.000    26.4658    34.2164  1022.4265     6.4610     0.1225        491 0.0000e+00
     31.188     31.000    26.2763    34.2350  1022.5044     6.4525     0.1298        497 0.0000e+00
     32.191     32.000    26.0825    34.2442  1022.5762     6.4641     0.1247        506 0.0000e+00
     33.200     33.000    25.8824    34.2872  1022.6751     6.4541     0.1146        516 0.0000e+00
     34.214     34.000    25.8553    34.3065  1022.7025     6.4606     0.1290        522 0.0000e+00
     35.221     35.000    25.8089    34.2610  1022.6869     6.4841     0.1312        527 0.0000e+00
     36.216     36.000    25.6681    34.2552  1022.7303     6.4795     0.1389        533 0.0000e+00
     37.221     37.000    25.5614    34.2800  1022.7862     6.4887     0.1359        546 0.0000e+00
     38.234     38.000    25.5493    34.2750  1022.7905     6.5237     0.1402        555 0.0000e+00
     39.235     39.000    25.4079    34.2368  1022.8095     6.5043     0.1522        561 0.0000e+00
     40.241     40.000    25.3691    34.3085  1022.8799     6.5091     0.1900        569 0.0000e+00
     41.244     41.000    25.1333    34.1630  1022.8462     6.5155     0.2077        576 0.0000e+00
     42.249     42.000    24.8116    34.2296  1022.9984     6.5890     0.2102        589 0.0000e+00
     43.263     43.000    24.6447    34.1697  1023.0078     6.6224     0.2224        597 0.0000e+00
     44.274     44.000    24.4216    34.1906  1023.0949     6.5548     0.2417        603 0.0000e+00
     45.270     45.000    24.3024    34.2335  1023.1672     6.5857     0.2864        615 0.0000e+00
     46.286     46.000    24.2609    34.2336  1023.1841     6.6263     0.2923        625 0.0000e+00
     47.288     47.000    24.2215    34.2304  1023.1977     6.5997     0.2943        630 0.0000e+00
     48.287     48.000    24.1950    34.2377  1023.2154     6.5471     0.3301        636 0.0000e+00
     49.289     49.000    24.1504    34.2314  1023.2283     6.6048     0.3065        645 0.0000e+00
     50.297     50.000    24.0976    34.2234  1023.2422     6.6153     0.3165        655 0.0000e+00
     51.309     51.000    24.0143    34.2146  1023.2646     6.6171     0.3264        661 0.0000e+00
     52.315     52.000    23.9016    34.1710  1023.2692     6.6203     0.3392        667 0.0000e+00
     53.314     53.000    23.5570    34.2556  1023.4386     6.5566     0.3786        674 0.0000e+00
     54.318     54.000    23.4875    34.3942  1023.5683     6.4956     0.5309        686 0.0000e+00
     55.330     55.000    23.5233    34.4392  1023.5963     6.4911     0.5945        694 0.0000e+00
     56.337     56.000    23.5473    34.4658  1023.6138     6.4710     0.6119        700 0.0000e+00
     57.344     57.000    23.5471    34.4915  1023.6376     6.4347     0.6614        706 0.0000e+00
     58.343     58.000    23.4520    34.4700  1023.6535     6.3572     0.7141        712 0.0000e+00
     59.350     59.000    23.2587    34.4491  1023.6982     6.3053     0.7665        728 0.0000e+00
     60.362     60.000    23.0239    34.4335  1023.7587     6.3105     0.7607        735 0.0000e+00
     61.368     61.000    22.8473    34.4611  1023.8348     6.1994     0.7439        740 0.0000e+00
     62.372     62.000    22.7537    34.4677  1023.8710     6.1233     0.7586        746 0.0000e+00
     63.369     63.000    22.5270    34.4540  1023.9296     6.0747     0.7786        756 0.0000e+00
     64.383     64.000    22.2167    34.4551  1024.0227     6.0208     0.7456        769 0.0000e+00
     65.391     65.000    22.0530    34.4747  1024.0879     5.9612     0.7112        775 0.0000e+00
     66.392     66.000    21.9469    34.4993  1024.1408     5.8581     0.6878        781 0.0000e+00
     67.396     67.000    21.8888    34.5064  1024.1667     5.8550     0.6404        789 0.0000e+00
     68.403     68.000    21.8494    34.5150  1024.1886     5.8527     0.6122        797 0.0000e+00
     69.404     69.000    21.8285    34.5196  1024.2023     5.8434     0.5960        806 0.0000e+00
     70.416     70.000    21.8040    34.5270  1024.2192     5.8197     0.5856        816 0.0000e+00
     71.433     71.000    21.7914    34.5254  1024.2258     5.8289     0.5963        822 0.0000e+00
     72.431     72.000    21.7655    34.5323  1024.2426     5.7968     0.5942        826 0.0000e+00
     73.431     73.000    21.7253    34.5498  1024.2715     5.7626     0.5940        840 0.0000e+00
     74.444     74.000    21.6984    34.5666  1024.2961     5.7538     0.5897        848 0.0000e+00
     75.448     75.000    21.6780    34.5880  1024.3224     5.7252     0.5717        853 0.0000e+00
     76.447     76.000    21.6544    34.6155  1024.3541     5.6504     0.5522        861 0.0000e+00
     77.454     77.000    21.6318    34.6368  1024.3810     5.6001     0.5239        870 0.0000e+00
     78.463     78.000    21.6182    34.6497  1024.3989     5.5906     0.5217        878 0.0000e+00
     79.471     79.000    21.5652    34.6053  1024.3843     5.5572     0.5142        884 0.0000e+00
     80.472     80.000    21.1991    34.5967  1024.4828     5.4916     0.4908        891 0.0000e+00
     81.477     81.000    20.9586    34.6446  1024.5895     5.4515     0.4397        901 0.0000e+00
     82.489     82.000    20.8341    34.6405  1024.6245     5.4269     0.4528        908 0.0000e+00
     83.492     83.000    20.7007    34.6570  1024.6775     5.3636     0.4271        915 0.0000e+00
     84.496     84.000    20.3891    34.6209  1024.7381     5.3114     0.4243        922 0.0000e+00
     85.506     85.000    20.1780    34.6667  1024.8337     5.2610     0.4007        930 0.0000e+00
     86.505     86.000    20.0426    34.6794  1024.8836     5.2559     0.3669        938 0.0000e+00
     87.519     87.000    19.9881    34.6942  1024.9138     5.2422     0.3570        948 0.0000e+00
     88.528     88.000    19.9773    34.6906  1024.9183     5.2435     0.3442        953 0.0000e+00
     89.526     89.000    19.9612    34.6874  1024.9243     5.2230     0.3465        960 0.0000e+00
     90.533     90.000    19.8667    34.6648  1024.9365     5.2440     0.3432        968 0.0000e+00
     91.540     91.000    19.7516    34.6626  1024.9694     5.2494     0.3316        975 0.0000e+00
     92.542     92.000    19.6076    34.6668  1025.0147     5.2161     0.3097        983 0.0000e+00
     93.549     93.000    19.4715    34.6675  1025.0550     5.1979     0.2864        992 0.0000e+00
     94.555     94.000    19.3795    34.6742  1025.0885     5.1753     0.2686       1000 0.0000e+00
     95.558     95.000    19.3080    34.6750  1025.1119     5.1743     0.2501       1009 0.0000e+00
