Ori/ps_team/tsdiagram/t_s_diagram/20190704_06.cnv
* Sea-Bird SBE 19plus V2 Data File:
* FileName = D:\CTD Data\제주대학교 20190703\20190704_06.hex
* Software Version Seasave V 7.26.7.107
* Temperature SN = 7813
* Conductivity SN = 7813
* System UpLoad Time = Jul 04 2019 19:15:13
** Ship: ara
** Station: st.06
** Operator: jblee
# nquan = 9
# nvalues = 72                          
# units = specified
# name 0 = prdM: Pressure, Strain Gauge [db]
# name 1 = depSM: Depth [salt water, m], lat = 0.00
# name 2 = tv290C: Temperature [ITS-90, deg C]
# name 3 = sal00: Salinity, Practical [PSU]
# name 4 = density00: Density [density, kg/m^3]
# name 5 = sbeox0Mg/L: Oxygen, SBE 43 [mg/l]
# name 6 = flECO-AFL: Fluorescence, WET Labs ECO-AFL/FL [mg/m^3]
# name 7 = scan: Scan Count
# name 8 = flag: flag
# span 0 =      1.019,     72.384       
# span 1 =      1.000,     72.000       
# span 2 =    12.1346,    23.5942       
# span 3 =    29.5899,    33.1075       
# span 4 =  1019.6725,  1025.4194       
# span 5 =     4.8684,     8.2414       
# span 6 =     0.1192,     2.9356       
# span 7 =         23,        764       
# span 8 = 0.0000e+00, 0.0000e+00       
# interval = meters: 1                  
# start_time = Jul 04 2019 10:15:13 [System UTC, header]
# bad_flag = -9.990e-29
*END*
      1.019      1.000    23.5942    29.5899  1019.6725     8.0053     1.0634         23 0.0000e+00
      2.025      2.000    23.5295    29.6238  1019.7210     7.8818     1.0549         98 0.0000e+00
      3.043      3.000    23.4043    29.6914  1019.8121     7.8908     0.9714        114 0.0000e+00
      4.048      4.000    23.3557    29.7208  1019.8526     7.8549     0.8802        118 0.0000e+00
      5.048      5.000    23.2865    29.7532  1019.9011     7.8207     0.8732        124 0.0000e+00
      6.055      6.000    23.1452    29.8042  1019.9839     7.8717     0.8672        129 0.0000e+00
      7.054      7.000    22.8896    29.8838  1020.1204     7.8515     0.7720        136 0.0000e+00
      8.061      8.000    22.5739    29.9787  1020.2846     7.9644     0.7524        144 0.0000e+00
      9.069      9.000    22.3745    30.0685  1020.4124     8.0731     0.7152        150 0.0000e+00
     10.076     10.000    22.3079    30.1099  1020.4665     8.1532     0.7029        156 0.0000e+00
     11.083     11.000    22.2486    30.1460  1020.5145     8.2414     0.7433        162 0.0000e+00
     12.085     12.000    22.2232    30.1609  1020.5372     8.0986     0.9716        168 0.0000e+00
     13.087     13.000    22.1977    30.1751  1020.5594     8.0325     1.4251        175 0.0000e+00
     14.098     14.000    22.1201    30.2076  1020.6097     8.0453     2.2626        182 0.0000e+00
     15.105     15.000    21.9101    30.2794  1020.7260     8.0331     2.5907        188 0.0000e+00
     16.109     16.000    21.5840    30.4076  1020.9161     7.7850     2.9356        194 0.0000e+00
     17.117     17.000    21.2926    30.4876  1021.0596     7.6373     2.0649        200 0.0000e+00
     18.122     18.000    21.0644    30.4977  1021.1326     7.5017     1.4768        205 0.0000e+00
     19.120     19.000    20.3061    30.3438  1021.2184     7.3493     1.1238        212 0.0000e+00
     20.127     20.000    18.2970    30.2466  1021.6509     6.6027     1.0161        221 0.0000e+00
     21.139     21.000    16.8831    30.7589  1022.3827     5.1267     1.1820        227 0.0000e+00
     22.147     22.000    16.5262    30.9250  1022.5960     4.8684     1.2790        232 0.0000e+00
     23.154     23.000    16.1712    30.9880  1022.7287     5.1202     1.1998        237 0.0000e+00
     24.155     24.000    15.8725    31.1335  1022.9113     5.3042     1.1033        242 0.0000e+00
     25.150     25.000    15.7472    31.1849  1022.9830     5.5188     1.0300        251 0.0000e+00
     26.168     26.000    15.6446    31.2040  1023.0247     5.5678     0.8865        261 0.0000e+00
     27.184     27.000    15.4734    31.2605  1023.1100     5.5351     0.7619        265 0.0000e+00
     28.190     28.000    15.2429    31.3918  1023.2654     5.4897     0.5979        269 0.0000e+00
     29.186     29.000    14.9567    31.7934  1023.6405     5.3736     0.4548        273 0.0000e+00
     30.180     30.000    14.6596    32.0691  1023.9204     5.6022     0.4582        281 0.0000e+00
     31.190     31.000    14.1438    32.0986  1024.0555     5.9497     0.4898        290 0.0000e+00
     32.198     32.000    13.5222    32.4043  1024.4231     5.6621     0.4335        297 0.0000e+00
     33.207     33.000    13.2557    32.5575  1024.5996     5.5143     0.3950        303 0.0000e+00
     34.216     34.000    13.2150    32.5673  1024.6198     5.5598     0.3199        308 0.0000e+00
     35.219     35.000    13.1623    32.5629  1024.6312     5.6073     0.2866        313 0.0000e+00
     36.213     36.000    13.0361    32.6083  1024.6958     5.6422     0.2948        321 0.0000e+00
     37.226     37.000    12.8932    32.6482  1024.7594     5.7123     0.2967        331 0.0000e+00
     38.238     38.000    12.6894    32.7088  1024.8506     5.6843     0.2657        336 0.0000e+00
     39.237     39.000    12.5693    32.7704  1024.9261     5.6866     0.2103        342 0.0000e+00
     40.237     40.000    12.4785    32.8069  1024.9763     5.6582     0.1704        350 0.0000e+00
     41.246     41.000    12.4109    32.8535  1025.0300     5.5751     0.1530        360 0.0000e+00
     42.254     42.000    12.4008    32.8679  1025.0476     5.5981     0.1395        367 0.0000e+00
     43.259     43.000    12.3898    32.8795  1025.0632     5.6138     0.1465        374 0.0000e+00
     44.263     44.000    12.3672    32.9029  1025.0901     5.6196     0.1442        381 0.0000e+00
     45.267     45.000    12.3242    32.9449  1025.1355     5.5996     0.1364        390 0.0000e+00
     46.276     46.000    12.2527    33.0046  1025.2000     5.5676     0.1283        398 0.0000e+00
     47.285     47.000    12.1955    33.0561  1025.2553     5.4885     0.1192        405 0.0000e+00
     48.290     48.000    12.1750    33.0740  1025.2776     5.4176     0.1196        411 0.0000e+00
     49.293     49.000    12.1675    33.0804  1025.2885     5.4085     0.1241        418 0.0000e+00
     50.296     50.000    12.1610    33.0866  1025.2990     5.4131     0.1353        426 0.0000e+00
     51.309     51.000    12.1561    33.0913  1025.3082     5.4187     0.1405        434 0.0000e+00
     52.321     52.000    12.1529    33.0946  1025.3159     5.4097     0.1443        439 0.0000e+00
     53.328     53.000    12.1522    33.0963  1025.3218     5.4071     0.1444        443 0.0000e+00
     54.327     54.000    12.1490    33.1001  1025.3299     5.4148     0.1404        448 0.0000e+00
     55.322     55.000    12.1447    33.1030  1025.3374     5.4006     0.1430        456 0.0000e+00
     56.337     56.000    12.1438    33.1027  1025.3419     5.4167     0.1730        466 0.0000e+00
     57.351     57.000    12.1453    33.1010  1025.3448     5.4068     0.1494        471 0.0000e+00
     58.359     58.000    12.1468    33.1011  1025.3493     5.4178     0.1472        475 0.0000e+00
     59.355     59.000    12.1445    33.1033  1025.3558     5.4069     0.1518        479 0.0000e+00
     60.352     60.000    12.1428    33.1037  1025.3610     5.4046     0.1537        488 0.0000e+00
     61.369     61.000    12.1409    33.1053  1025.3671     5.4137     0.1485        496 0.0000e+00
     62.373     62.000    12.1418    33.1052  1025.3714     5.3960     0.1630        501 0.0000e+00
     63.373     63.000    12.1409    33.1042  1025.3753     5.4155     0.1627        528 0.0000e+00
     64.379     64.000    12.1402    33.1051  1025.3806     5.4065     0.1625        534 0.0000e+00
     65.382     65.000    12.1393    33.1057  1025.3858     5.4017     0.1584        546 0.0000e+00
     66.396     66.000    12.1397    33.1048  1025.3895     5.4076     0.1664        554 0.0000e+00
     67.400     67.000    12.1403    33.1048  1025.3939     5.4040     0.1681        560 0.0000e+00
     68.398     68.000    12.1390    33.1062  1025.3997     5.3974     0.1658        568 0.0000e+00
     69.406     69.000    12.1377    33.1073  1025.4054     5.4092     0.1695        581 0.0000e+00
     70.419     70.000    12.1375    33.1075  1025.4101     5.3909     0.1588        589 0.0000e+00
     71.419     71.000    12.1383    33.1073  1025.4143     5.3851     0.1585        596 0.0000e+00
     72.384     72.000    12.1346    33.1071  1025.4194     5.4094     0.1784        764 0.0000e+00
