Ori/ps_team/tsdiagram/t_s_diagram/20190704_04.cnv
* Sea-Bird SBE 19plus V2 Data File:
* FileName = D:\CTD Data\제주대학교 20190703\20190704_04.hex
* Software Version Seasave V 7.26.7.107
* Temperature SN = 7813
* Conductivity SN = 7813
* System UpLoad Time = Jul 04 2019 12:39:13
** Ship: ara
** Station: st.02
** Operator: jblee
# nquan = 9
# nvalues = 72                          
# units = specified
# name 0 = prdM: Pressure, Strain Gauge [db]
# name 1 = depSM: Depth [salt water, m], lat = 0.00
# name 2 = tv290C: Temperature [ITS-90, deg C]
# name 3 = sal00: Salinity, Practical [PSU]
# name 4 = density00: Density [density, kg/m^3]
# name 5 = sbeox0Mg/L: Oxygen, SBE 43 [mg/l]
# name 6 = flECO-AFL: Fluorescence, WET Labs ECO-AFL/FL [mg/m^3]
# name 7 = scan: Scan Count
# name 8 = flag: flag
# span 0 =      1.026,     72.412       
# span 1 =      1.000,     72.000       
# span 2 =    12.2540,    23.2626       
# span 3 =    30.5495,    33.4928       
# span 4 =  1020.5192,  1025.6804       
# span 5 =     4.8592,     9.2149       
# span 6 =     0.1577,     1.6062       
# span 7 =        269,        807       
# span 8 = 0.0000e+00, 0.0000e+00       
# interval = meters: 1                  
# start_time = Jul 04 2019 03:39:13 [System UTC, header]
# bad_flag = -9.990e-29
*END*
      1.026      1.000    23.2410    30.5865  1020.5264     5.9570     0.1684        269 0.0000e+00
      2.033      2.000    23.2353    30.5852  1020.5315     5.6896     0.3740        274 0.0000e+00
      3.033      3.000    23.2224    30.5921  1020.5447     5.7337     0.4259        281 0.0000e+00
      4.044      4.000    23.2292    30.5848  1020.5417     5.5644     0.4571        288 0.0000e+00
      5.047      5.000    23.2403    30.5730  1020.5340     5.2847     0.4267        294 0.0000e+00
      6.052      6.000    23.2462    30.5687  1020.5334     5.1791     0.4201        300 0.0000e+00
      7.056      7.000    23.2626    30.5503  1020.5192     5.1838     0.4745        307 0.0000e+00
      8.065      8.000    23.2402    30.5575  1020.5354     4.9041     0.5359        314 0.0000e+00
      9.075      9.000    23.2326    30.5659  1020.5483     4.8592     0.5846        319 0.0000e+00
     10.076     10.000    23.2416    30.5578  1020.5440     5.0011     0.6102        324 0.0000e+00
     11.079     11.000    23.2476    30.5495  1020.5404     5.1632     0.6863        331 0.0000e+00
     12.084     12.000    23.2228    30.5674  1020.5653     5.0083     0.8526        338 0.0000e+00
     13.088     13.000    22.5836    30.9385  1021.0303     5.1109     0.9209        345 0.0000e+00
     14.099     14.000    21.5905    31.4321  1021.6827     5.4753     0.9371        352 0.0000e+00
     15.109     15.000    20.8074    31.3897  1021.8648     6.4128     0.9770        357 0.0000e+00
     16.114     16.000    20.0993    31.8218  1022.3841     8.1901     1.0506        362 0.0000e+00
     17.111     17.000    19.6014    32.0571  1022.6962     9.2149     1.0890        367 0.0000e+00
     18.114     18.000    19.2107    32.3021  1022.9869     8.6347     1.0288        376 0.0000e+00
     19.125     19.000    18.9552    32.5064  1023.2117     8.4454     0.9078        383 0.0000e+00
     20.134     20.000    18.8242    32.6201  1023.3357     8.4352     0.8650        389 0.0000e+00
     21.137     21.000    18.3402    32.6365  1023.4725     8.4588     0.8582        394 0.0000e+00
     22.139     22.000    17.8377    32.7295  1023.6707     8.5259     0.8601        401 0.0000e+00
     23.145     23.000    17.5079    32.8847  1023.8734     8.5645     0.8954        408 0.0000e+00
     24.154     24.000    17.4630    32.9321  1023.9248     8.5266     0.9088        415 0.0000e+00
     25.162     25.000    17.3677    32.8470  1023.8869     8.5264     0.8793        420 0.0000e+00
     26.160     26.000    16.8611    32.8045  1023.9777     8.5233     0.8828        426 0.0000e+00
     27.166     27.000    16.1962    32.8942  1024.2045     8.4494     0.9453        435 0.0000e+00
     28.181     28.000    15.8334    32.8286  1024.2403     8.4258     1.0416        442 0.0000e+00
     29.192     29.000    15.2847    32.7520  1024.3071     8.3669     1.1518        446 0.0000e+00
     30.189     30.000    14.6037    32.8798  1024.5568     8.1558     1.3647        451 0.0000e+00
     31.185     31.000    13.5139    32.9744  1024.8595     7.3518     1.6062        460 0.0000e+00
     32.201     32.000    12.6020    33.1744  1025.2012     6.1912     1.3959        468 0.0000e+00
     33.209     33.000    12.3554    33.3757  1025.4093     5.6857     1.0341        474 0.0000e+00
     34.213     34.000    12.3346    33.4402  1025.4678     5.4946     0.6730        479 0.0000e+00
     35.212     35.000    12.3531    33.4504  1025.4768     5.4764     0.3810        485 0.0000e+00
     36.215     36.000    12.3576    33.4547  1025.4838     5.6360     0.2512        493 0.0000e+00
     37.226     37.000    12.3508    33.4539  1025.4889     5.7026     0.2091        501 0.0000e+00
     38.234     38.000    12.3462    33.4687  1025.5058     5.6962     0.2104        507 0.0000e+00
     39.235     39.000    12.3582    33.4777  1025.5150     5.7207     0.1916        514 0.0000e+00
     40.236     40.000    12.3752    33.4833  1025.5205     5.7194     0.1775        524 0.0000e+00
     41.248     41.000    12.3793    33.4816  1025.5229     5.7400     0.1709        533 0.0000e+00
     42.254     42.000    12.3767    33.4804  1025.5270     5.7290     0.1581        539 0.0000e+00
     43.259     43.000    12.3786    33.4842  1025.5341     5.7267     0.1631        546 0.0000e+00
     44.262     44.000    12.3879    33.4873  1025.5392     5.7306     0.1652        554 0.0000e+00
     45.266     45.000    12.4009    33.4928  1025.5455     5.7249     0.1647        564 0.0000e+00
     46.275     46.000    12.4087    33.4915  1025.5475     5.7313     0.1577        573 0.0000e+00
     47.285     47.000    12.4047    33.4893  1025.5511     5.7222     0.1761        579 0.0000e+00
     48.294     48.000    12.3951    33.4818  1025.5517     5.7360     0.1761        585 0.0000e+00
     49.290     49.000    12.3830    33.4842  1025.5603     5.6968     0.1654        592 0.0000e+00
     50.299     50.000    12.3804    33.4850  1025.5660     5.7039     0.1722        602 0.0000e+00
     51.313     51.000    12.3538    33.4569  1025.5539     5.7199     0.1713        608 0.0000e+00
     52.314     52.000    12.2914    33.4664  1025.5777     5.6985     0.1767        613 0.0000e+00
     53.313     53.000    12.2829    33.4780  1025.5929     5.6611     0.1731        620 0.0000e+00
     54.326     54.000    12.2791    33.4770  1025.5973     5.6759     0.1818        629 0.0000e+00
     55.339     55.000    12.2881    33.4889  1025.6094     5.6699     0.1816        634 0.0000e+00
     56.342     56.000    12.3002    33.4788  1025.6037     5.6828     0.1762        638 0.0000e+00
     57.337     57.000    12.3005    33.4783  1025.6077     5.6706     0.1695        645 0.0000e+00
     58.342     58.000    12.2897    33.4757  1025.6123     5.6831     0.1845        655 0.0000e+00
     59.359     59.000    12.2855    33.4760  1025.6179     5.6689     0.1796        662 0.0000e+00
     60.369     60.000    12.2844    33.4778  1025.6240     5.6482     0.1598        666 0.0000e+00
     61.373     61.000    12.2861    33.4804  1025.6303     5.6407     0.1805        671 0.0000e+00
     62.367     62.000    12.2938    33.4767  1025.6304     5.6562     0.1805        676 0.0000e+00
     63.375     63.000    12.2815    33.4770  1025.6375     5.6662     0.1835        690 0.0000e+00
     64.390     64.000    12.2787    33.4739  1025.6401     5.6656     0.1701        697 0.0000e+00
     65.390     65.000    12.2750    33.4747  1025.6460     5.6608     0.1746        701 0.0000e+00
     66.387     66.000    12.2750    33.4764  1025.6518     5.6585     0.1817        710 0.0000e+00
     67.396     67.000    12.2810    33.4777  1025.6562     5.6632     0.1804        719 0.0000e+00
     68.401     68.000    12.2841    33.4759  1025.6587     5.6722     0.1803        727 0.0000e+00
     69.407     69.000    12.2833    33.4773  1025.6645     5.6498     0.1863        736 0.0000e+00
     70.412     70.000    12.2809    33.4750  1025.6676     5.6603     0.1840        744 0.0000e+00
     71.416     71.000    12.2803    33.4723  1025.6702     5.6519     0.1875        754 0.0000e+00
     72.412     72.000    12.2540    33.4734  1025.6804     5.6681     0.1931        807 0.0000e+00
