Ori/ps_team/tsdiagram/t_s_diagram/20190705_10.cnv
* Sea-Bird SBE 19plus V2 Data File:
* FileName = D:\CTD Data\제주대학교 20190703\20190704_10.hex
* Software Version Seasave V 7.26.7.107
* Temperature SN = 7813
* Conductivity SN = 7813
* System UpLoad Time = Jul 05 2019 07:26:27
** Ship: ara
** Station: st.13
** Operator: jblee
# nquan = 9
# nvalues = 111                         
# units = specified
# name 0 = prdM: Pressure, Strain Gauge [db]
# name 1 = depSM: Depth [salt water, m], lat = 0.00
# name 2 = tv290C: Temperature [ITS-90, deg C]
# name 3 = sal00: Salinity, Practical [PSU]
# name 4 = density00: Density [density, kg/m^3]
# name 5 = sbeox0Mg/L: Oxygen, SBE 43 [mg/l]
# name 6 = flECO-AFL: Fluorescence, WET Labs ECO-AFL/FL [mg/m^3]
# name 7 = scan: Scan Count
# name 8 = flag: flag
# span 0 =      6.228,    117.688       
# span 1 =      7.000,    117.000       
# span 2 =    13.8531,    23.0268       
# span 3 =    31.5922,   444.5659       
# span 4 =   888.3863,  1025.9107       
# span 5 =     4.9577,     7.6374       
# span 6 =     0.1296,     0.5975       
# span 7 =        785,       1614       
# span 8 = 0.0000e+00, 0.0000e+00       
# interval = meters: 1                  
# start_time = Jul 04 2019 22:26:27 [System UTC, header]
# bad_flag = -9.990e-29
*END*
      6.228      7.000    20.1590   444.5659   888.3863     7.1916     0.4882       1091 0.0000e+00
      8.053      8.000    23.0268    37.7121  1019.0679     7.1702     0.4982        785 0.0000e+00
      9.071      9.000    22.9385    31.5922  1021.4082     7.1900     0.4907        785 0.0000e+00
     10.077     10.000    22.8990    31.7332  1021.5305     7.3246     0.5257        791 0.0000e+00
     11.081     11.000    22.9088    31.8832  1021.6458     7.4720     0.5595        797 0.0000e+00
     12.087     12.000    22.9224    32.0231  1021.7522     7.4548     0.5768        803 0.0000e+00
     13.089     13.000    22.9465    32.1367  1021.8358     7.4539     0.5925        809 0.0000e+00
     14.091     14.000    22.9570    32.1918  1021.8788     7.4917     0.5975        818 0.0000e+00
     15.107     15.000    22.9606    32.2341  1021.9143     7.4815     0.5833        826 0.0000e+00
     16.121     16.000    22.9631    32.2774  1021.9508     7.4751     0.5694        831 0.0000e+00
     17.125     17.000    22.9439    32.4127  1022.0631     7.4519     0.5287        834 0.0000e+00
     18.121     18.000    22.8251    32.5293  1022.1895     7.4745     0.5072        839 0.0000e+00
     19.117     19.000    22.6996    32.5857  1022.2720     7.5922     0.4757        848 0.0000e+00
     20.131     20.000    22.5879    32.6232  1022.3365     7.5951     0.4317        857 0.0000e+00
     21.140     21.000    22.4373    32.6352  1022.3922     7.6374     0.3585        863 0.0000e+00
     22.146     22.000    22.1900    32.6188  1022.4533     7.5871     0.3641        868 0.0000e+00
     23.152     23.000    21.7880    32.5176  1022.4920     7.5542     0.3788        873 0.0000e+00
     24.157     24.000    21.1213    32.7098  1022.8240     7.3439     0.4069        879 0.0000e+00
     25.157     25.000    20.7485    32.8494  1023.0347     6.9433     0.3894        884 0.0000e+00
     26.156     26.000    20.1751    32.8313  1023.1769     6.7551     0.3618        894 0.0000e+00
     27.174     27.000    19.4560    33.0160  1023.5090     6.2322     0.3454        902 0.0000e+00
     28.186     28.000    19.5120    33.2109  1023.6475     5.8915     0.2915        907 0.0000e+00
     29.192     29.000    19.4247    33.1037  1023.5925     6.1826     0.2909        911 0.0000e+00
     30.191     30.000    18.9143    33.0567  1023.6905     6.6555     0.2860        915 0.0000e+00
     31.189     31.000    18.3989    33.1340  1023.8827     6.5570     0.2618        922 0.0000e+00
     32.194     32.000    17.8666    33.0893  1023.9832     6.3052     0.2517        930 0.0000e+00
     33.206     33.000    16.8482    33.0357  1024.1893     5.9606     0.2821        937 0.0000e+00
     34.208     34.000    16.4309    33.3250  1024.5126     5.2159     0.2307        943 0.0000e+00
     35.214     35.000    16.4460    33.4034  1024.5738     4.9577     0.1884        950 0.0000e+00
     36.228     36.000    16.5117    33.5048  1024.6409     5.5300     0.1714        956 0.0000e+00
     37.237     37.000    16.4628    33.4783  1024.6363     5.9632     0.1785        961 0.0000e+00
     38.233     38.000    16.4118    33.6776  1024.8055     6.4303     0.1944        965 0.0000e+00
     39.231     39.000    16.3571    33.7146  1024.8510     5.3452     0.1634        977 0.0000e+00
     40.244     40.000    16.4027    33.8573  1024.9546     5.3101     0.1399        985 0.0000e+00
     41.251     41.000    16.2118    33.6647  1024.8549     5.1952     0.1410        991 0.0000e+00
     42.256     42.000    15.7054    33.6015  1024.9256     5.3065     0.1296        998 0.0000e+00
     43.261     43.000    15.3677    33.6348  1025.0310     5.7714     0.1394       1004 0.0000e+00
     44.258     44.000    15.0812    33.6905  1025.1414     6.1218     0.1459       1012 0.0000e+00
     45.272     45.000    14.8429    33.6393  1025.1584     6.2320     0.1488       1023 0.0000e+00
     46.281     46.000    14.7126    33.6825  1025.2243     6.3740     0.1652       1028 0.0000e+00
     47.281     47.000    14.6393    33.7464  1025.2937     6.6155     0.1677       1035 0.0000e+00
     48.286     48.000    14.6245    33.7572  1025.3097     6.7485     0.1739       1043 0.0000e+00
     49.292     49.000    14.5359    33.7398  1025.3197     6.6252     0.1751       1051 0.0000e+00
     50.303     50.000    14.4103    33.6961  1025.3174     6.4729     0.1681       1058 0.0000e+00
     51.313     51.000    14.2814    33.7658  1025.4031     6.4310     0.1655       1063 0.0000e+00
     52.313     52.000    14.1558    33.7093  1025.3903     6.3080     0.1496       1068 0.0000e+00
     53.311     53.000    13.8724    33.7880  1025.5148     6.1524     0.1484       1076 0.0000e+00
     54.327     54.000    13.8531    33.8426  1025.5655     6.2950     0.1585       1085 0.0000e+00
     55.342     55.000    13.9084    33.8797  1025.5873     6.2958     0.1700       1090 0.0000e+00
     56.346     56.000    13.9605    33.8948  1025.5925     6.2566     0.1680       1094 0.0000e+00
     57.338     57.000    13.9951    33.9055  1025.5979     6.1496     0.1495       1099 0.0000e+00
     58.345     58.000    14.0132    33.9069  1025.5998     6.0530     0.1754       1111 0.0000e+00
     59.364     59.000    14.0151    33.9078  1025.6045     6.0751     0.1694       1117 0.0000e+00
     60.372     60.000    14.0127    33.9092  1025.6106     6.0618     0.1812       1121 0.0000e+00
     61.370     61.000    14.0101    33.9112  1025.6172     6.0153     0.1773       1125 0.0000e+00
     62.363     62.000    14.0100    33.9151  1025.6246     6.0286     0.1758       1132 0.0000e+00
     63.377     63.000    14.0166    33.9233  1025.6341     6.0423     0.1934       1143 0.0000e+00
     64.391     64.000    14.0314    33.9308  1025.6413     6.0226     0.1918       1148 0.0000e+00
     65.396     65.000    14.0412    33.9340  1025.6462     6.0000     0.2106       1152 0.0000e+00
     66.391     66.000    14.0459    33.9365  1025.6516     5.9878     0.2024       1158 0.0000e+00
     67.400     67.000    14.0567    33.9517  1025.6655     5.9949     0.1923       1166 0.0000e+00
     68.412     68.000    14.0841    33.9686  1025.6773     5.9689     0.1702       1172 0.0000e+00
     69.410     69.000    14.1111    33.9741  1025.6804     5.8994     0.1556       1177 0.0000e+00
     70.411     70.000    14.1451    33.9939  1025.6929     5.8308     0.1428       1186 0.0000e+00
     71.431     71.000    14.1888    33.9991  1025.6922     5.8141     0.1836       1193 0.0000e+00
     72.437     72.000    14.1906    33.9960  1025.6940     5.7327     0.1864       1197 0.0000e+00
     73.439     73.000    14.1918    33.9976  1025.6993     5.7137     0.1926       1202 0.0000e+00
     74.437     74.000    14.1978    33.9987  1025.7033     5.7342     0.1966       1208 0.0000e+00
     75.444     75.000    14.1980    34.0036  1025.7116     5.7405     0.2028       1217 0.0000e+00
     76.454     76.000    14.2120    34.0082  1025.7167     5.7372     0.2004       1223 0.0000e+00
     77.461     77.000    14.2183    34.0077  1025.7194     5.7251     0.1904       1229 0.0000e+00
     78.467     78.000    14.2223    34.0124  1025.7267     5.6941     0.1972       1235 0.0000e+00
     79.473     79.000    14.2357    34.0228  1025.7364     5.6695     0.2025       1241 0.0000e+00
     80.477     80.000    14.2687    34.0579  1025.7609     5.6758     0.2091       1246 0.0000e+00
     81.479     81.000    14.3217    34.0483  1025.7467     5.6225     0.1982       1253 0.0000e+00
     82.485     82.000    14.3278    34.0480  1025.7496     5.5629     0.1885       1261 0.0000e+00
     83.498     83.000    14.3472    34.0761  1025.7716     5.5905     0.1761       1268 0.0000e+00
     84.507     84.000    14.3846    34.0780  1025.7696     5.5587     0.1894       1273 0.0000e+00
     85.508     85.000    14.4008    34.0749  1025.7682     5.5047     0.1866       1278 0.0000e+00
     86.507     86.000    14.4015    34.0714  1025.7698     5.4777     0.1846       1285 0.0000e+00
     87.516     87.000    14.4156    34.0856  1025.7823     5.5177     0.1736       1294 0.0000e+00
     88.530     88.000    14.4267    34.0774  1025.7780     5.4981     0.1695       1300 0.0000e+00
     89.537     89.000    14.4216    34.0779  1025.7839     5.4730     0.1832       1304 0.0000e+00
     90.535     90.000    14.4223    34.0806  1025.7903     5.4647     0.1812       1310 0.0000e+00
     91.536     91.000    14.4272    34.0821  1025.7949     5.4741     0.1847       1318 0.0000e+00
     92.548     92.000    14.4272    34.0792  1025.7971     5.5102     0.2040       1326 0.0000e+00
     93.556     93.000    14.4285    34.0847  1025.8056     5.4850     0.1927       1332 0.0000e+00
     94.562     94.000    14.4289    34.0798  1025.8062     5.4599     0.1995       1337 0.0000e+00
     95.569     95.000    14.4284    34.0810  1025.8117     5.4717     0.2063       1343 0.0000e+00
     96.573     96.000    14.4278    34.0800  1025.8156     5.4667     0.2091       1348 0.0000e+00
     97.573     97.000    14.4273    34.0807  1025.8206     5.4904     0.1842       1356 0.0000e+00
     98.584     98.000    14.4254    34.0824  1025.8268     5.4899     0.1969       1364 0.0000e+00
     99.594     99.000    14.4331    34.0854  1025.8320     5.4661     0.1979       1370 0.0000e+00
    100.597    100.000    14.4361    34.0845  1025.8351     5.4515     0.1859       1375 0.0000e+00
    101.601    101.000    14.4376    34.0851  1025.8398     5.4637     0.1869       1381 0.0000e+00
    102.609    102.000    14.4399    34.0854  1025.8439     5.4762     0.1766       1388 0.0000e+00
    103.613    103.000    14.4414    34.0869  1025.8492     5.4562     0.1938       1394 0.0000e+00
    104.616    104.000    14.4436    34.0870  1025.8533     5.4382     0.1833       1402 0.0000e+00
    105.621    105.000    14.4451    34.0877  1025.8580     5.4317     0.2051       1410 0.0000e+00
    106.630    106.000    14.4467    34.0877  1025.8622     5.4378     0.1850       1418 0.0000e+00
    107.630    107.000    14.4474    34.0877  1025.8664     5.4349     0.1931       1426 0.0000e+00
    108.640    108.000    14.4430    34.0869  1025.8712     5.4678     0.1943       1444 0.0000e+00
    109.645    109.000    14.4443    34.0869  1025.8754     5.4488     0.1890       1452 0.0000e+00
    110.653    110.000    14.4443    34.0869  1025.8798     5.4591     0.2014       1475 0.0000e+00
    111.660    111.000    14.4448    34.0865  1025.8839     5.4416     0.1924       1481 0.0000e+00
    112.664    112.000    14.4446    34.0868  1025.8887     5.4738     0.1927       1505 0.0000e+00
    113.667    113.000    14.4455    34.0873  1025.8933     5.4606     0.1971       1521 0.0000e+00
    114.673    114.000    14.4464    34.0868  1025.8972     5.4423     0.1969       1541 0.0000e+00
    115.685    115.000    14.4464    34.0874  1025.9022     5.4530     0.1811       1567 0.0000e+00
    116.686    116.000    14.4481    34.0880  1025.9067     5.4593     0.1951       1582 0.0000e+00
    117.688    117.000    14.4492    34.0876  1025.9107     5.4637     0.2229       1614 0.0000e+00
