Ori/ps_team/tsdiagram/t_s_diagram/20190706_18.cnv
* Sea-Bird SBE 19plus V2 Data File:
* FileName = D:\CTD Data\제주대학교 20190703\20190706_18.hex
* Software Version Seasave V 7.26.7.107
* Temperature SN = 7813
* Conductivity SN = 7813
* System UpLoad Time = Jul 06 2019 15:52:17
** Ship: ara
** Station: st.18
** Operator: jblee
# nquan = 9
# nvalues = 89                          
# units = specified
# name 0 = prdM: Pressure, Strain Gauge [db]
# name 1 = depSM: Depth [salt water, m], lat = 0.00
# name 2 = tv290C: Temperature [ITS-90, deg C]
# name 3 = sal00: Salinity, Practical [PSU]
# name 4 = density00: Density [density, kg/m^3]
# name 5 = sbeox0Mg/L: Oxygen, SBE 43 [mg/l]
# name 6 = flECO-AFL: Fluorescence, WET Labs ECO-AFL/FL [mg/m^3]
# name 7 = scan: Scan Count
# name 8 = flag: flag
# span 0 =      2.018,     90.536       
# span 1 =      2.000,     90.000       
# span 2 =    16.9330,    25.5891       
# span 3 =    33.1764,    34.7192       
# span 4 =  1021.8226,  1025.5551       
# span 5 =     4.7787,     6.7067       
# span 6 =     0.0809,     1.2142       
# span 7 =        232,       1081       
# span 8 = 0.0000e+00, 0.0000e+00       
# interval = meters: 1                  
# start_time = Jul 06 2019 06:52:17 [System UTC, header]
# bad_flag = -9.990e-29
*END*
      2.018      2.000    25.5891    33.2150  1021.8226     6.5787     0.0900        232 0.0000e+00
      3.040      3.000    25.4130    33.1764  1021.8516     6.5806     0.0960        270 0.0000e+00
      4.051      4.000    25.2300    33.1874  1021.9200     6.5715     0.0813        275 0.0000e+00
      5.045      5.000    25.1353    33.2312  1021.9860     6.5647     0.0809        280 0.0000e+00
      6.049      6.000    25.0972    33.2418  1022.0099     6.5860     0.0840        288 0.0000e+00
      7.061      7.000    25.0707    33.2507  1022.0290     6.5966     0.0947        294 0.0000e+00
      8.063      8.000    25.0574    33.2550  1022.0406     6.5554     0.0957        300 0.0000e+00
      9.066      9.000    25.0492    33.2552  1022.0476     6.5505     0.0978        307 0.0000e+00
     10.077     10.000    25.0407    33.2557  1022.0548     6.5649     0.1053        314 0.0000e+00
     11.088     11.000    25.0333    33.2585  1022.0636     6.5923     0.1002        319 0.0000e+00
     12.091     12.000    25.0218    33.2639  1022.0755     6.6066     0.1054        324 0.0000e+00
     13.084     13.000    25.0283    33.2971  1022.1029     6.5956     0.0963        331 0.0000e+00
     14.102     14.000    25.0624    33.3362  1022.1265     6.5865     0.0941        343 0.0000e+00
     15.117     15.000    25.0823    33.3848  1022.1615     6.6043     0.0895        347 0.0000e+00
     16.121     16.000    25.0847    33.4142  1022.1873     6.6144     0.0980        351 0.0000e+00
     17.113     17.000    25.0975    33.4753  1022.2338     6.5574     0.0879        356 0.0000e+00
     18.111     18.000    25.1083    33.5392  1022.2831     6.5890     0.0870        364 0.0000e+00
     19.124     19.000    25.1081    33.6047  1022.3370     6.6298     0.1001        374 0.0000e+00
     20.138     20.000    25.0774    33.6374  1022.3754     6.6201     0.0989        379 0.0000e+00
     21.144     21.000    25.0509    33.6851  1022.4238     6.5744     0.0985        384 0.0000e+00
     22.143     22.000    25.0197    33.7149  1022.4601     6.6036     0.1024        389 0.0000e+00
     23.147     23.000    24.9700    33.7438  1022.5013     6.6181     0.1029        396 0.0000e+00
     24.150     24.000    24.8973    33.7680  1022.5458     6.6066     0.1261        403 0.0000e+00
     25.154     25.000    24.7817    33.8153  1022.6207     6.6051     0.1065        411 0.0000e+00
     26.167     26.000    24.6777    33.8445  1022.6784     6.6281     0.1092        419 0.0000e+00
     27.179     27.000    24.5782    33.8485  1022.7156     6.6273     0.1115        423 0.0000e+00
     28.181     28.000    24.4609    33.8895  1022.7861     6.6251     0.1210        428 0.0000e+00
     29.180     29.000    24.3542    33.8825  1022.8169     6.6389     0.1445        433 0.0000e+00
     30.180     30.000    24.1872    33.8577  1022.8521     6.6522     0.1440        441 0.0000e+00
     31.189     31.000    24.0341    33.8617  1022.9048     6.7067     0.1597        452 0.0000e+00
     32.208     32.000    23.9311    33.7667  1022.8677     6.6728     0.1801        457 0.0000e+00
     33.213     33.000    23.6698    33.6714  1022.8765     6.6691     0.1805        461 0.0000e+00
     34.211     34.000    23.2774    33.6836  1023.0040     6.6477     0.1982        466 0.0000e+00
     35.211     35.000    22.9234    33.6341  1023.0727     6.6355     0.2560        473 0.0000e+00
     36.215     36.000    22.3478    33.6573  1023.2579     6.5618     0.4351        482 0.0000e+00
     37.224     37.000    22.1044    33.7369  1023.3913     6.4353     0.7237        491 0.0000e+00
     38.238     38.000    22.0102    33.7114  1023.4025     6.4448     0.7519        497 0.0000e+00
     39.244     39.000    21.8159    33.7209  1023.4681     6.4016     0.8276        501 0.0000e+00
     40.244     40.000    21.6439    33.7610  1023.5505     6.3178     0.9274        506 0.0000e+00
     41.243     41.000    21.4814    33.8398  1023.6595     6.3166     1.0879        519 0.0000e+00
     42.257     42.000    21.4336    33.8636  1023.6951     6.3337     1.2142        528 0.0000e+00
     43.266     43.000    21.4205    33.8794  1023.7151     6.3161     1.1772        534 0.0000e+00
     44.274     44.000    21.4334    33.9801  1023.7926     6.2774     1.1789        539 0.0000e+00
     45.278     45.000    21.5523    34.1880  1023.9220     6.2321     1.1874        543 0.0000e+00
     46.277     46.000    21.6501    34.2222  1023.9254     6.1811     1.0141        557 0.0000e+00
     47.296     47.000    21.5826    34.1849  1023.9202     6.1354     0.9229        566 0.0000e+00
     48.302     48.000    21.5080    34.1844  1023.9448     6.0939     0.9612        570 0.0000e+00
     49.298     49.000    21.3823    34.1489  1023.9567     6.0677     1.0207        574 0.0000e+00
     50.296     50.000    21.1410    34.1818  1024.0519     5.9884     1.0400        582 0.0000e+00
     51.305     51.000    20.9009    34.2002  1024.1357     5.9013     0.9922        590 0.0000e+00
     52.310     52.000    20.7833    34.2364  1024.1993     5.8024     0.9052        598 0.0000e+00
     53.320     53.000    20.7494    34.2386  1024.2144     5.7664     0.8460        605 0.0000e+00
     54.331     54.000    20.7143    34.2457  1024.2338     5.7650     0.8220        610 0.0000e+00
     55.336     55.000    20.6841    34.2342  1024.2375     5.7284     0.8064        615 0.0000e+00
     56.329     56.000    20.6096    34.2347  1024.2622     5.6912     0.8073        622 0.0000e+00
     57.340     57.000    20.5061    34.2398  1024.2983     5.6429     0.7935        633 0.0000e+00
     58.356     58.000    20.4398    34.1968  1024.2876     5.6059     0.8130        639 0.0000e+00
     59.361     59.000    20.3495    34.1707  1024.2963     5.5728     0.7636        643 0.0000e+00
     60.357     60.000    20.2290    34.1642  1024.3276     5.5105     0.7631        648 0.0000e+00
     61.357     61.000    20.1047    34.1945  1024.3880     5.3896     0.7633        657 0.0000e+00
     62.367     62.000    20.0450    34.2243  1024.4308     5.3033     0.7669        667 0.0000e+00
     63.383     63.000    20.0420    34.3122  1024.5030     5.2243     0.7556        674 0.0000e+00
     64.392     64.000    20.1346    34.3244  1024.4922     5.1693     0.7288        678 0.0000e+00
     65.391     65.000    20.1174    34.3777  1024.5417     5.1924     0.7155        683 0.0000e+00
     66.388     66.000    20.1717    34.4547  1024.5905     5.0059     0.6631        690 0.0000e+00
     67.392     67.000    20.3516    34.5921  1024.6517     4.9745     0.6367        701 0.0000e+00
     68.413     68.000    20.4849    34.6082  1024.6327     5.0952     0.5972        709 0.0000e+00
     69.423     69.000    20.4917    34.6015  1024.6302     5.1175     0.5930        713 0.0000e+00
     70.426     70.000    20.4897    34.5964  1024.6312     5.0980     0.5652        717 0.0000e+00
     71.420     71.000    20.4768    34.5919  1024.6356     5.0823     0.5724        723 0.0000e+00
     72.423     72.000    20.4290    34.5715  1024.6372     5.0772     0.5556        736 0.0000e+00
     73.441     73.000    20.4107    34.6309  1024.6918     5.0460     0.5589        744 0.0000e+00
     74.450     74.000    20.5065    34.7048  1024.7268     5.0133     0.5460        748 0.0000e+00
     75.454     75.000    20.6065    34.7192  1024.7153     4.9952     0.5003        753 0.0000e+00
     76.452     76.000    20.6376    34.7009  1024.6973     4.9894     0.4458        758 0.0000e+00
     77.450     77.000    20.6304    34.6966  1024.7004     4.9980     0.4003        768 0.0000e+00
     78.465     78.000    20.6195    34.6907  1024.7032     4.9877     0.3755        778 0.0000e+00
     79.478     79.000    20.5977    34.6848  1024.7090     4.9803     0.3805        783 0.0000e+00
     80.487     80.000    20.5877    34.6837  1024.7152     4.9810     0.3809        788 0.0000e+00
     81.484     81.000    20.5604    34.6693  1024.7160     4.9782     0.3761        792 0.0000e+00
     82.487     82.000    20.5128    34.6714  1024.7348     4.9651     0.3678        810 0.0000e+00
     83.500     83.000    20.4981    34.6625  1024.7363     4.9695     0.3612        815 0.0000e+00
     84.498     84.000    20.3961    34.5606  1024.6903     4.9236     0.3448        821 0.0000e+00
     85.498     85.000    19.4271    34.4376  1024.8554     4.8645     0.2998        830 0.0000e+00
     86.507     86.000    18.6117    34.5248  1025.1352     4.8531     0.2365        860 0.0000e+00
     87.520     87.000    18.2233    34.4777  1025.2011     4.8470     0.2174        968 0.0000e+00
     88.515     88.000    17.7696    34.5186  1025.3489     4.8292     0.1836        992 0.0000e+00
     89.528     89.000    17.1608    34.5303  1025.5099     4.7894     0.1538       1076 0.0000e+00
     90.536     90.000    16.9330    34.5127  1025.5551     4.7787     0.1404       1081 0.0000e+00
