Ori/ps_team/tsdiagram/t_s_diagram/20190704_03.cnv
* Sea-Bird SBE 19plus V2 Data File:
* FileName = D:\CTD Data\제주대학교 20190703\20190704_03.hex
* Software Version Seasave V 7.26.7.107
* Temperature SN = 7813
* Conductivity SN = 7813
* System UpLoad Time = Jul 04 2019 09:53:20
** Ship: ara
** Station: st.03
** Operator: jblee
# nquan = 9
# nvalues = 84                          
# units = specified
# name 0 = prdM: Pressure, Strain Gauge [db]
# name 1 = depSM: Depth [salt water, m], lat = 0.00
# name 2 = tv290C: Temperature [ITS-90, deg C]
# name 3 = sal00: Salinity, Practical [PSU]
# name 4 = density00: Density [density, kg/m^3]
# name 5 = sbeox0Mg/L: Oxygen, SBE 43 [mg/l]
# name 6 = flECO-AFL: Fluorescence, WET Labs ECO-AFL/FL [mg/m^3]
# name 7 = scan: Scan Count
# name 8 = flag: flag
# span 0 =      1.037,     84.481       
# span 1 =      1.000,     84.000       
# span 2 =    14.7966,    22.3879       
# span 3 =    32.6767,    34.0530       
# span 4 =  1022.3544,  1025.6590       
# span 5 =     5.5399,    10.2493       
# span 6 =     0.1663,     1.4791       
# span 7 =        152,        750       
# span 8 = 0.0000e+00, 0.0000e+00       
# interval = meters: 1                  
# start_time = Jul 04 2019 00:53:20 [System UTC, header]
# bad_flag = -9.990e-29
*END*
      1.037      1.000    22.3722    32.6767  1022.3544     6.8594     0.3983        152 0.0000e+00
      2.029      2.000    22.3780    32.6890  1022.3665     6.3809     0.1790        158 0.0000e+00
      3.034      3.000    22.3813    32.6848  1022.3668     5.6942     0.1663        164 0.0000e+00
      4.044      4.000    22.3753    32.7084  1022.3907     5.5399     0.1728        171 0.0000e+00
      5.048      5.000    22.3746    32.7127  1022.3985     5.5859     0.1820        177 0.0000e+00
      6.049      6.000    22.3872    32.7110  1022.3982     6.0065     0.1779        184 0.0000e+00
      7.056      7.000    22.3879    32.7121  1022.4032     6.0396     0.1781        191 0.0000e+00
      8.067      8.000    22.3776    32.7162  1022.4135     5.9320     0.1838        197 0.0000e+00
      9.072      9.000    22.3644    32.7248  1022.4281     6.1435     0.1825        203 0.0000e+00
     10.072     10.000    22.3464    32.7434  1022.4516     6.1255     0.2019        209 0.0000e+00
     11.077     11.000    22.3233    32.7684  1022.4814     6.0179     0.2026        217 0.0000e+00
     12.087     12.000    22.3063    32.7841  1022.5024     6.0760     0.2282        224 0.0000e+00
     13.092     13.000    22.2873    32.8115  1022.5330     6.5735     0.2468        230 0.0000e+00
     14.096     14.000    22.2784    32.8228  1022.5483     7.7278     0.2640        236 0.0000e+00
     15.101     15.000    22.2715    32.8221  1022.5542     7.5647     0.2592        243 0.0000e+00
     16.106     16.000    22.2600    32.8238  1022.5630     7.3868     0.2655        251 0.0000e+00
     17.114     17.000    22.2223    32.8116  1022.5686     7.3687     0.2570        257 0.0000e+00
     18.118     18.000    22.0307    32.8041  1022.6207     7.3906     0.2640        263 0.0000e+00
     19.122     19.000    21.6939    32.8649  1022.7642     7.4735     0.2560        271 0.0000e+00
     20.128     20.000    21.5593    32.8911  1022.8254     7.5746     0.2987        278 0.0000e+00
     21.136     21.000    21.4437    32.9176  1022.8815     7.5344     0.3164        285 0.0000e+00
     22.143     22.000    21.2562    32.9433  1022.9564     7.6399     0.3454        291 0.0000e+00
     23.149     23.000    21.0792    32.9705  1023.0294     7.7209     0.3844        297 0.0000e+00
     24.151     24.000    20.6782    33.0746  1023.2204     7.8787     0.4017        303 0.0000e+00
     25.154     25.000    20.1387    33.2331  1023.4883     9.0361     0.4484        312 0.0000e+00
     26.167     26.000    19.8285    33.3588  1023.6696    10.2493     0.5760        319 0.0000e+00
     27.172     27.000    19.6675    33.3872  1023.7373     9.9975     0.6523        324 0.0000e+00
     28.174     28.000    19.3966    33.3819  1023.8075     9.6417     0.7606        330 0.0000e+00
     29.176     29.000    18.9716    33.4611  1023.9806     8.8932     0.9757        338 0.0000e+00
     30.188     30.000    18.6467    33.4006  1024.0204     8.3518     1.1630        346 0.0000e+00
     31.195     31.000    18.1841    33.5412  1024.2471     8.2313     1.1874        352 0.0000e+00
     32.198     32.000    17.9897    33.5537  1024.3089     7.9458     1.2719        358 0.0000e+00
     33.199     33.000    17.5225    33.6153  1024.4737     7.5951     1.3637        365 0.0000e+00
     34.209     34.000    17.1683    33.6998  1024.6277     6.9613     1.4791        373 0.0000e+00
     35.215     35.000    16.9341    33.7097  1024.6951     6.6521     1.4189        379 0.0000e+00
     36.218     36.000    16.5631    33.7545  1024.8207     6.1864     1.2384        387 0.0000e+00
     37.224     37.000    16.3048    33.7191  1024.8576     5.7121     0.9877        394 0.0000e+00
     38.226     38.000    15.5693    33.5883  1024.9278     6.2184     0.9805        402 0.0000e+00
     39.234     39.000    15.0366    33.7543  1025.1779     7.1409     0.9015        411 0.0000e+00
     40.243     40.000    14.9394    33.7900  1025.2312     6.8351     0.7663        419 0.0000e+00
     41.250     41.000    14.9160    33.7944  1025.2441     6.7128     0.7106        425 0.0000e+00
     42.252     42.000    14.9012    33.7983  1025.2548     6.6829     0.7036        432 0.0000e+00
     43.258     43.000    14.8920    33.8067  1025.2677     6.6736     0.6711        440 0.0000e+00
     44.264     44.000    14.8781    33.8258  1025.2900     6.6304     0.6532        448 0.0000e+00
     45.269     45.000    14.8435    33.8672  1025.3338     6.5692     0.5841        455 0.0000e+00
     46.276     46.000    14.8152    33.9292  1025.3923     6.4978     0.5025        463 0.0000e+00
     47.285     47.000    14.8149    33.9401  1025.4052     6.4169     0.4247        470 0.0000e+00
     48.291     48.000    14.8195    33.9822  1025.4412     6.3672     0.4055        476 0.0000e+00
     49.296     49.000    14.8239    33.9997  1025.4581     6.3322     0.3581        481 0.0000e+00
     50.299     50.000    14.8272    34.0101  1025.4698     6.2732     0.3371        488 0.0000e+00
     51.306     51.000    14.8286    34.0144  1025.4773     6.2596     0.3168        495 0.0000e+00
     52.314     52.000    14.8335    34.0226  1025.4871     6.2467     0.3094        501 0.0000e+00
     53.320     53.000    14.8365    34.0284  1025.4954     6.2283     0.2923        507 0.0000e+00
     54.325     54.000    14.8430    34.0324  1025.5015     6.2491     0.2907        513 0.0000e+00
     55.331     55.000    14.8511    34.0362  1025.5071     6.2374     0.2924        520 0.0000e+00
     56.338     56.000    14.8569    34.0351  1025.5095     6.2034     0.2820        526 0.0000e+00
     57.342     57.000    14.8543    34.0308  1025.5112     6.1963     0.2830        532 0.0000e+00
     58.347     58.000    14.8553    34.0357  1025.5192     6.2240     0.2740        538 0.0000e+00
     59.354     59.000    14.8556    34.0327  1025.5213     6.2311     0.2720        544 0.0000e+00
     60.358     60.000    14.8562    34.0375  1025.5294     6.2205     0.2575        551 0.0000e+00
     61.364     61.000    14.8576    34.0369  1025.5331     6.2075     0.2666        557 0.0000e+00
     62.373     62.000    14.8558    34.0373  1025.5383     6.2082     0.2675        564 0.0000e+00
     63.382     63.000    14.8536    34.0400  1025.5452     6.2004     0.2706        569 0.0000e+00
     64.383     64.000    14.8529    34.0405  1025.5503     6.1953     0.2615        574 0.0000e+00
     65.386     65.000    14.8530    34.0408  1025.5550     6.1952     0.2551        581 0.0000e+00
     66.395     66.000    14.8509    34.0434  1025.5619     6.2076     0.2599        588 0.0000e+00
     67.403     67.000    14.8501    34.0443  1025.5672     6.1845     0.2551        594 0.0000e+00
     68.406     68.000    14.8498    34.0457  1025.5728     6.1534     0.2462        600 0.0000e+00
     69.411     69.000    14.8493    34.0471  1025.5785     6.1738     0.2508        606 0.0000e+00
     70.420     70.000    14.8491    34.0471  1025.5830     6.1918     0.2479        612 0.0000e+00
     71.427     71.000    14.8490    34.0471  1025.5875     6.1806     0.2709        618 0.0000e+00
     72.431     72.000    14.8482    34.0475  1025.5924     6.1679     0.2484        623 0.0000e+00
     73.431     73.000    14.8466    34.0468  1025.5967     6.1802     0.2509        631 0.0000e+00
     74.441     74.000    14.8359    34.0520  1025.6075     6.1847     0.2448        638 0.0000e+00
     75.452     75.000    14.8353    34.0528  1025.6128     6.1652     0.2319        644 0.0000e+00
     76.457     76.000    14.8350    34.0530  1025.6174     6.1363     0.2486        649 0.0000e+00
     77.456     77.000    14.8318    34.0521  1025.6219     6.1415     0.2379        655 0.0000e+00
     78.462     78.000    14.8275    34.0497  1025.6254     6.1695     0.2438        663 0.0000e+00
     79.468     79.000    14.8181    34.0495  1025.6318     6.1607     0.2468        670 0.0000e+00
     80.471     80.000    14.8061    34.0503  1025.6395     6.1402     0.2524        678 0.0000e+00
     81.478     81.000    14.8095    34.0507  1025.6434     6.1475     0.2473        687 0.0000e+00
     82.485     82.000    14.8060    34.0497  1025.6479     6.1463     0.2483        695 0.0000e+00
     83.489     83.000    14.7976    34.0468  1025.6520     6.1432     0.2529        704 0.0000e+00
     84.481     84.000    14.7966    34.0498  1025.6590     6.1646     0.2433        750 0.0000e+00
