Ori/ps_team/tsdiagram/t_s_diagram/20190705_11.cnv
* Sea-Bird SBE 19plus V2 Data File:
* FileName = D:\CTD Data\제주대학교 20190703\20190705_11.hex
* Software Version Seasave V 7.26.7.107
* Temperature SN = 7813
* Conductivity SN = 7813
* System UpLoad Time = Jul 05 2019 12:19:48
** Ship: ara
** Station: st.12
** Operator: jblee
# nquan = 9
# nvalues = 81                          
# units = specified
# name 0 = prdM: Pressure, Strain Gauge [db]
# name 1 = depSM: Depth [salt water, m], lat = 0.00
# name 2 = tv290C: Temperature [ITS-90, deg C]
# name 3 = sal00: Salinity, Practical [PSU]
# name 4 = density00: Density [density, kg/m^3]
# name 5 = sbeox0Mg/L: Oxygen, SBE 43 [mg/l]
# name 6 = flECO-AFL: Fluorescence, WET Labs ECO-AFL/FL [mg/m^3]
# name 7 = scan: Scan Count
# name 8 = flag: flag
# span 0 =      2.036,     82.484       
# span 1 =      2.000,     82.000       
# span 2 =    12.7859,    22.9833       
# span 3 =    32.3765,    33.7931       
# span 4 =  1021.9707,  1025.6816       
# span 5 =     6.0364,     8.0596       
# span 6 =     0.1245,     0.9387       
# span 7 =        553,       1098       
# span 8 = 0.0000e+00, 0.0000e+00       
# interval = meters: 1                  
# start_time = Jul 05 2019 03:19:48 [System UTC, header]
# bad_flag = -9.990e-29
*END*
      2.036      2.000    22.9602    32.3835  1021.9707     6.8395     0.2320        553 0.0000e+00
      3.030      3.000    22.9626    32.3830  1021.9740     6.8458     0.2529        560 0.0000e+00
      4.043      4.000    22.9543    32.3988  1021.9927     6.9485     0.2860        568 0.0000e+00
      5.051      5.000    22.9498    32.4025  1022.0012     6.9151     0.2813        573 0.0000e+00
      6.052      6.000    22.9692    32.4036  1022.0009     6.8914     0.2834        579 0.0000e+00
      7.056      7.000    22.9833    32.3868  1021.9885     6.8327     0.2915        586 0.0000e+00
      8.065      8.000    22.9776    32.3889  1021.9961     6.8594     0.3015        593 0.0000e+00
      9.072      9.000    22.9753    32.3765  1021.9917     6.8822     0.2828        598 0.0000e+00
     10.073     10.000    22.9497    32.3767  1022.0035     6.9174     0.3023        604 0.0000e+00
     11.077     11.000    22.8653    32.4511  1022.0882     6.8843     0.2928        611 0.0000e+00
     12.087     12.000    22.7287    32.6056  1022.2484     6.9396     0.2820        618 0.0000e+00
     13.093     13.000    22.6740    32.7193  1022.3544     6.9543     0.2777        624 0.0000e+00
     14.098     14.000    22.5654    32.8508  1022.4891     6.9486     0.2720        630 0.0000e+00
     15.102     15.000    22.5135    32.8835  1022.5328     6.9755     0.2726        636 0.0000e+00
     16.107     16.000    22.4840    32.9036  1022.5608     6.9963     0.2692        643 0.0000e+00
     17.113     17.000    22.4401    32.9241  1022.5930     6.9819     0.2714        649 0.0000e+00
     18.119     18.000    22.3790    32.9432  1022.6290     6.9800     0.2899        656 0.0000e+00
     19.125     19.000    22.3214    32.9600  1022.6622     7.0161     0.2935        662 0.0000e+00
     20.131     20.000    22.2584    32.9707  1022.6923     7.0105     0.3209        668 0.0000e+00
     21.137     21.000    22.1270    33.0109  1022.7639     7.0551     0.3246        674 0.0000e+00
     22.142     22.000    21.6697    32.9915  1022.8799     7.0653     0.3269        681 0.0000e+00
     23.144     23.000    21.0907    33.1552  1023.1667     7.1313     0.3661        687 0.0000e+00
     24.153     24.000    20.8559    33.1753  1023.2496     7.3170     0.4099        694 0.0000e+00
     25.162     25.000    20.5679    33.1815  1023.3356     7.4625     0.4166        700 0.0000e+00
     26.165     26.000    20.1375    33.1953  1023.4642     7.6377     0.4866        706 0.0000e+00
     27.168     27.000    19.6066    33.2891  1023.6782     7.8161     0.5865        712 0.0000e+00
     28.176     28.000    18.8888    33.1513  1023.7598     7.8821     0.7467        719 0.0000e+00
     29.182     29.000    17.7320    33.1730  1024.0661     7.8084     0.9000        725 0.0000e+00
     30.188     30.000    16.5637    33.1147  1024.3021     7.9428     0.9387        731 0.0000e+00
     31.193     31.000    15.4046    33.1613  1024.6046     8.0596     0.8930        738 0.0000e+00
     32.199     32.000    14.4590    33.1686  1024.8195     7.9299     0.8334        744 0.0000e+00
     33.204     33.000    13.9464    33.3341  1025.0592     7.5500     0.8631        750 0.0000e+00
     34.210     34.000    13.6869    33.3501  1025.1296     7.4028     0.8628        757 0.0000e+00
     35.217     35.000    13.4609    33.3020  1025.1430     7.3258     0.8338        763 0.0000e+00
     36.223     36.000    13.2708    33.3562  1025.2278     7.1864     0.7529        769 0.0000e+00
     37.226     37.000    13.1897    33.3726  1025.2613     6.9858     0.7220        775 0.0000e+00
     38.228     38.000    13.1343    33.3808  1025.2832     6.9199     0.7077        782 0.0000e+00
     39.235     39.000    13.0840    33.3861  1025.3018     6.8556     0.6417        790 0.0000e+00
     40.242     40.000    13.0406    33.3900  1025.3180     6.8195     0.6406        797 0.0000e+00
     41.246     41.000    12.9933    33.3848  1025.3278     6.7446     0.6335        804 0.0000e+00
     42.252     42.000    12.9224    33.3813  1025.3437     6.6947     0.6231        812 0.0000e+00
     43.257     43.000    12.8977    33.4155  1025.3796     6.6472     0.5828        820 0.0000e+00
     44.264     44.000    12.8954    33.4103  1025.3805     6.5598     0.5486        827 0.0000e+00
     45.270     45.000    12.8738    33.3991  1025.3805     6.5379     0.5626        834 0.0000e+00
     46.274     46.000    12.8270    33.3877  1025.3855     6.5727     0.5843        842 0.0000e+00
     47.283     47.000    12.7859    33.4014  1025.4087     6.5629     0.5554        850 0.0000e+00
     48.288     48.000    12.8097    33.4336  1025.4335     6.5004     0.5066        857 0.0000e+00
     49.294     49.000    12.8534    33.4501  1025.4421     6.4770     0.4477        864 0.0000e+00
     50.301     50.000    12.9008    33.4924  1025.4701     6.4806     0.3988        871 0.0000e+00
     51.308     51.000    13.0479    33.6079  1025.5346     6.4040     0.3581        877 0.0000e+00
     52.314     52.000    13.2501    33.6993  1025.5692     6.3005     0.2819        883 0.0000e+00
     53.318     53.000    13.4001    33.6901  1025.5363     6.1922     0.2318        889 0.0000e+00
     54.323     54.000    13.4544    33.6992  1025.5367     6.1271     0.1936        896 0.0000e+00
     55.330     55.000    13.4758    33.6982  1025.5362     6.1419     0.1795        903 0.0000e+00
     56.337     56.000    13.5038    33.7235  1025.5545     6.1385     0.1625        909 0.0000e+00
     57.345     57.000    13.5299    33.7163  1025.5481     6.1531     0.1413        915 0.0000e+00
     58.348     58.000    13.5315    33.7190  1025.5543     6.1025     0.1412        921 0.0000e+00
     59.351     59.000    13.5434    33.7372  1025.5704     6.1132     0.1425        928 0.0000e+00
     60.358     60.000    13.6131    33.7842  1025.5970     6.1103     0.1393        935 0.0000e+00
     61.368     61.000    13.6627    33.7789  1025.5873     6.0787     0.1245        941 0.0000e+00
     62.376     62.000    13.6650    33.7738  1025.5873     6.0782     0.1301        946 0.0000e+00
     63.376     63.000    13.6669    33.7772  1025.5939     6.0671     0.1425        952 0.0000e+00
     64.379     64.000    13.6741    33.7842  1025.6024     6.0791     0.1424        959 0.0000e+00
     65.388     65.000    13.6938    33.7931  1025.6097     6.0536     0.1475        967 0.0000e+00
     66.397     66.000    13.6999    33.7921  1025.6121     6.0522     0.1427        972 0.0000e+00
     67.401     67.000    13.7033    33.7927  1025.6163     6.0563     0.1546        978 0.0000e+00
     68.404     68.000    13.7045    33.7925  1025.6204     6.0364     0.1450        984 0.0000e+00
     69.413     69.000    13.7049    33.7924  1025.6248     6.0385     0.1508        991 0.0000e+00
     70.420     70.000    13.7053    33.7929  1025.6295     6.0687     0.1485        997 0.0000e+00
     71.425     71.000    13.7052    33.7919  1025.6333     6.0789     0.1478       1003 0.0000e+00
     72.428     72.000    13.7039    33.7904  1025.6370     6.0586     0.1455       1009 0.0000e+00
     73.429     73.000    13.7048    33.7927  1025.6429     6.0517     0.1480       1018 0.0000e+00
     74.437     74.000    13.6975    33.7850  1025.6429     6.0527     0.1526       1027 0.0000e+00
     75.446     75.000    13.6938    33.7877  1025.6503     6.0492     0.1555       1034 0.0000e+00
     76.448     76.000    13.6941    33.7875  1025.6546     6.0529     0.1651       1041 0.0000e+00
     77.451     77.000    13.6937    33.7867  1025.6585     6.0767     0.1681       1052 0.0000e+00
     78.463     78.000    13.6922    33.7863  1025.6631     6.0721     0.1538       1061 0.0000e+00
     79.466     79.000    13.6922    33.7863  1025.6675     6.0433     0.1628       1068 0.0000e+00
     80.467     80.000    13.6914    33.7859  1025.6719     6.0472     0.1768       1079 0.0000e+00
     81.480     81.000    13.6906    33.7866  1025.6770     6.0378     0.1711       1091 0.0000e+00
     82.484     82.000    13.6920    33.7871  1025.6816     6.0545     0.1622       1098 0.0000e+00
