Ori/ps_team/tsdiagram/t_s_diagram/20190704_07.cnv
* Sea-Bird SBE 19plus V2 Data File:
* FileName = D:\CTD Data\제주대학교 20190703\20190704_07.hex
* Software Version Seasave V 7.26.7.107
* Temperature SN = 7813
* Conductivity SN = 7813
* System UpLoad Time = Jul 04 2019 22:49:42
** Ship: ara
** Station: st.07
** Operator: jblee
# nquan = 9
# nvalues = 97                          
# units = specified
# name 0 = prdM: Pressure, Strain Gauge [db]
# name 1 = depSM: Depth [salt water, m], lat = 0.00
# name 2 = tv290C: Temperature [ITS-90, deg C]
# name 3 = sal00: Salinity, Practical [PSU]
# name 4 = density00: Density [density, kg/m^3]
# name 5 = sbeox0Mg/L: Oxygen, SBE 43 [mg/l]
# name 6 = flECO-AFL: Fluorescence, WET Labs ECO-AFL/FL [mg/m^3]
# name 7 = scan: Scan Count
# name 8 = flag: flag
# span 0 =      2.036,     98.576       
# span 1 =      2.000,     98.000       
# span 2 =    14.1248,    22.9225       
# span 3 =    32.8111,    34.1721       
# span 4 =  1022.3345,  1025.8377       
# span 5 =     5.7538,     9.1710       
# span 6 =     0.1174,     1.3363       
# span 7 =        269,        912       
# span 8 = 0.0000e+00, 0.0000e+00       
# interval = meters: 1                  
# start_time = Jul 04 2019 13:49:42 [System UTC, header]
# bad_flag = -9.990e-29
*END*
      2.036      2.000    22.9225    32.8851  1022.3614     7.1304     0.1517        269 0.0000e+00
      3.037      3.000    22.8963    32.8340  1022.3345     7.0975     0.1680        274 0.0000e+00
      4.039      4.000    22.8128    32.8463  1022.3719     7.0736     0.1799        281 0.0000e+00
      5.046      5.000    22.7881    32.8578  1022.3920     7.1457     0.1713        288 0.0000e+00
      6.053      6.000    22.8109    32.8541  1022.3871     7.1558     0.1771        295 0.0000e+00
      7.058      7.000    22.7617    32.8428  1022.3969     7.1666     0.1692        301 0.0000e+00
      8.063      8.000    22.7630    32.8423  1022.4004     7.1615     0.1770        308 0.0000e+00
      9.072      9.000    22.6774    32.8111  1022.4055     7.1394     0.1688        314 0.0000e+00
     10.077     10.000    22.6212    32.8281  1022.4387     7.1868     0.1780        319 0.0000e+00
     11.077     11.000    22.5428    32.8467  1022.4792     7.2719     0.1800        325 0.0000e+00
     12.084     12.000    22.4047    32.8416  1022.5185     7.3198     0.2087        333 0.0000e+00
     13.093     13.000    22.1188    32.8388  1022.6005     7.4621     0.2232        340 0.0000e+00
     14.100     14.000    21.6022    32.9449  1022.8282     7.7201     0.2488        345 0.0000e+00
     15.104     15.000    21.3506    33.0303  1022.9662     8.1648     0.2948        351 0.0000e+00
     16.104     16.000    21.0785    33.0247  1023.0400     8.3155     0.3427        358 0.0000e+00
     17.114     17.000    20.4556    32.9990  1023.1911     8.3823     0.3903        365 0.0000e+00
     18.126     18.000    19.6149    33.1133  1023.5024     8.7434     0.4466        371 0.0000e+00
     19.129     19.000    19.0806    33.2662  1023.7600     9.1710     0.5421        375 0.0000e+00
     20.125     20.000    18.7400    33.4764  1024.0108     8.9005     0.6961        382 0.0000e+00
     21.136     21.000    18.6351    33.5565  1024.1027     8.3715     0.9256        391 0.0000e+00
     22.148     22.000    18.4537    33.5304  1024.1325     8.2401     1.0401        396 0.0000e+00
     23.151     23.000    18.2624    33.5148  1024.1723     7.9205     1.1034        401 0.0000e+00
     24.153     24.000    17.7995    33.5934  1024.3501     7.4235     1.1133        407 0.0000e+00
     25.157     25.000    17.5354    33.6913  1024.4934     6.6616     1.2233        414 0.0000e+00
     26.164     26.000    17.3537    33.7120  1024.5573     6.3770     1.3131        421 0.0000e+00
     27.172     27.000    17.2217    33.6869  1024.5740     6.2337     1.3363        427 0.0000e+00
     28.176     28.000    16.9784    33.6997  1024.6458     6.2384     1.2805        433 0.0000e+00
     29.179     29.000    16.8113    33.7902  1024.7590     6.0404     1.1212        439 0.0000e+00
     30.188     30.000    16.7492    33.7941  1024.7810     5.8715     1.1160        446 0.0000e+00
     31.196     31.000    16.6475    33.8410  1024.8452     5.8383     1.0462        452 0.0000e+00
     32.198     32.000    16.5915    33.8869  1024.8980     5.8163     0.8543        457 0.0000e+00
     33.200     33.000    16.5577    33.9116  1024.9292     5.7538     0.7640        465 0.0000e+00
     34.212     34.000    16.5280    33.9115  1024.9405     5.8339     0.7592        472 0.0000e+00
     35.220     35.000    16.4314    33.8416  1024.9137     5.8935     0.7360        477 0.0000e+00
     36.221     36.000    16.2555    33.8692  1024.9798     5.9726     0.6352        482 0.0000e+00
     37.224     37.000    16.1797    33.8898  1025.0174     6.1247     0.5674        490 0.0000e+00
     38.231     38.000    16.1367    33.9074  1025.0453     6.1796     0.5455        497 0.0000e+00
     39.234     39.000    16.0887    33.9264  1025.0753     6.1892     0.5249        504 0.0000e+00
     40.241     40.000    15.9862    33.9167  1025.0956     6.1652     0.4634        512 0.0000e+00
     41.249     41.000    15.9075    33.9156  1025.1172     6.1937     0.4760        519 0.0000e+00
     42.250     42.000    15.8226    33.8881  1025.1197     6.2163     0.4614        526 0.0000e+00
     43.259     43.000    15.6993    33.8461  1025.1196     6.2204     0.4901        535 0.0000e+00
     44.270     44.000    15.4938    33.6978  1025.0559     6.2242     0.5089        541 0.0000e+00
     45.268     45.000    14.9437    33.5842  1025.0937     6.2565     0.4989        548 0.0000e+00
     46.274     46.000    14.4166    33.6391  1025.2542     6.4843     0.5203        557 0.0000e+00
     47.283     47.000    14.2737    33.6382  1025.2882     6.5465     0.5739        564 0.0000e+00
     48.285     48.000    14.1541    33.6618  1025.3361     6.5329     0.5401        572 0.0000e+00
     49.297     49.000    14.1248    33.6967  1025.3737     6.5523     0.5319        579 0.0000e+00
     50.305     50.000    14.1321    33.7431  1025.4125     6.5225     0.5276        585 0.0000e+00
     51.305     51.000    14.2295    33.8681  1025.4928     6.4891     0.4638        591 0.0000e+00
     52.308     52.000    14.3983    33.9321  1025.5109     6.4120     0.4094        599 0.0000e+00
     53.320     53.000    14.3899    33.9306  1025.5161     6.3035     0.3365        606 0.0000e+00
     54.333     54.000    14.3770    33.9999  1025.5767     6.3068     0.3540        611 0.0000e+00
     55.336     55.000    14.4364    34.0374  1025.5975     6.3052     0.3188        616 0.0000e+00
     56.332     56.000    14.5041    34.0883  1025.6267     6.2571     0.2807        622 0.0000e+00
     57.338     57.000    14.6072    34.1423  1025.6507     6.1214     0.2168        631 0.0000e+00
     58.353     58.000    14.6467    34.1608  1025.6609     6.0358     0.1614        638 0.0000e+00
     59.359     59.000    14.6661    34.1598  1025.6604     5.9815     0.1552        643 0.0000e+00
     60.361     60.000    14.6726    34.1594  1025.6631     5.9519     0.1570        648 0.0000e+00
     61.365     61.000    14.6749    34.1602  1025.6677     5.9546     0.1551        654 0.0000e+00
     62.365     62.000    14.6781    34.1622  1025.6731     5.9809     0.1416        661 0.0000e+00
     63.377     63.000    14.6796    34.1638  1025.6785     6.0071     0.1276        670 0.0000e+00
     64.391     64.000    14.6817    34.1676  1025.6854     6.0022     0.1327        675 0.0000e+00
     65.395     65.000    14.6855    34.1674  1025.6890     5.9698     0.1364        680 0.0000e+00
     66.390     66.000    14.6856    34.1659  1025.6922     5.9570     0.1356        686 0.0000e+00
     67.396     67.000    14.6864    34.1683  1025.6983     5.9750     0.1174        695 0.0000e+00
     68.410     68.000    14.6878    34.1696  1025.7035     5.9594     0.1211        701 0.0000e+00
     69.414     69.000    14.6887    34.1694  1025.7076     5.9411     0.1295        706 0.0000e+00
     70.416     70.000    14.6896    34.1693  1025.7117     5.9650     0.1287        712 0.0000e+00
     71.422     71.000    14.6893    34.1697  1025.7166     5.9693     0.1366        719 0.0000e+00
     72.431     72.000    14.6894    34.1700  1025.7213     5.9746     0.1251        726 0.0000e+00
     73.439     73.000    14.6897    34.1693  1025.7252     5.9674     0.1292        731 0.0000e+00
     74.439     74.000    14.6899    34.1700  1025.7301     5.9848     0.1249        737 0.0000e+00
     75.443     75.000    14.6903    34.1705  1025.7349     5.9788     0.1376        745 0.0000e+00
     76.457     76.000    14.6908    34.1717  1025.7402     5.9835     0.1355        752 0.0000e+00
     77.465     77.000    14.6922    34.1712  1025.7439     5.9602     0.1356        757 0.0000e+00
     78.463     78.000    14.6923    34.1713  1025.7486     5.9263     0.1228        763 0.0000e+00
     79.468     79.000    14.6924    34.1713  1025.7530     5.9581     0.1206        771 0.0000e+00
     80.476     80.000    14.6923    34.1714  1025.7575     5.9616     0.1288        777 0.0000e+00
     81.481     81.000    14.6921    34.1711  1025.7618     5.9587     0.1265        784 0.0000e+00
     82.490     82.000    14.6918    34.1710  1025.7662     5.9569     0.1355        791 0.0000e+00
     83.499     83.000    14.6927    34.1717  1025.7711     5.9570     0.1301        796 0.0000e+00
     84.500     84.000    14.6931    34.1713  1025.7752     5.9597     0.1357        802 0.0000e+00
     85.503     85.000    14.6932    34.1717  1025.7799     5.9636     0.1304        809 0.0000e+00
     86.513     86.000    14.6933    34.1719  1025.7845     5.9445     0.1323        816 0.0000e+00
     87.522     87.000    14.6936    34.1719  1025.7890     5.9391     0.1295        822 0.0000e+00
     88.524     88.000    14.6941    34.1721  1025.7934     5.9601     0.1357        828 0.0000e+00
     89.527     89.000    14.6942    34.1719  1025.7977     5.9712     0.1227        835 0.0000e+00
     90.537     90.000    14.6938    34.1714  1025.8019     5.9831     0.1303        842 0.0000e+00
     91.543     91.000    14.6930    34.1717  1025.8067     5.9463     0.1281        848 0.0000e+00
     92.540     92.000    14.6934    34.1714  1025.8108     5.9390     0.1353        856 0.0000e+00
     93.547     93.000    14.6926    34.1709  1025.8151     5.9683     0.1387        866 0.0000e+00
     94.555     94.000    14.6917    34.1707  1025.8196     5.9516     0.1424        875 0.0000e+00
     95.558     95.000    14.6911    34.1704  1025.8240     5.9631     0.1402        885 0.0000e+00
     96.566     96.000    14.6912    34.1707  1025.8286     5.9782     0.1436        895 0.0000e+00
     97.574     97.000    14.6916    34.1712  1025.8334     5.9630     0.1529        904 0.0000e+00
     98.576     98.000    14.6925    34.1714  1025.8377     5.9456     0.1468        912 0.0000e+00
