Ori/ps_team/tsdiagram/t_s_diagram/20190705_09.cnv
* Sea-Bird SBE 19plus V2 Data File:
* FileName = D:\CTD Data\제주대학교 20190703\20190704_09.hex
* Software Version Seasave V 7.26.7.107
* Temperature SN = 7813
* Conductivity SN = 7813
* System UpLoad Time = Jul 05 2019 04:15:15
** Ship: ara
** Station: st.09
** Operator: jblee
# nquan = 9
# nvalues = 95                          
# units = specified
# name 0 = prdM: Pressure, Strain Gauge [db]
# name 1 = depSM: Depth [salt water, m], lat = 0.00
# name 2 = tv290C: Temperature [ITS-90, deg C]
# name 3 = sal00: Salinity, Practical [PSU]
# name 4 = density00: Density [density, kg/m^3]
# name 5 = sbeox0Mg/L: Oxygen, SBE 43 [mg/l]
# name 6 = flECO-AFL: Fluorescence, WET Labs ECO-AFL/FL [mg/m^3]
# name 7 = scan: Scan Count
# name 8 = flag: flag
# span 0 =      1.015,     95.552       
# span 1 =      1.000,     95.000       
# span 2 =    15.0663,    23.7448       
# span 3 =    32.5788,    34.3926       
# span 4 =  1021.8963,  1025.8968       
# span 5 =     5.0200,     7.1635       
# span 6 =     0.0712,     0.8668       
# span 7 =        508,       1625       
# span 8 = 0.0000e+00, 0.0000e+00       
# interval = meters: 1                  
# start_time = Jul 04 2019 19:15:15 [System UTC, header]
# bad_flag = -9.990e-29
*END*
      1.015      1.000    23.7328    32.5886  1021.8992     6.9357     0.1869        508 0.0000e+00
      2.023      2.000    23.7448    32.5834  1021.8963     6.9024     0.1657        518 0.0000e+00
      3.027      3.000    23.7437    32.5815  1021.8995     6.9072     0.1683        529 0.0000e+00
      4.032      4.000    23.7319    32.5811  1021.9070     6.9042     0.1758        544 0.0000e+00
      5.039      5.000    23.6975    32.5818  1021.9219     6.9192     0.1661        557 0.0000e+00
      6.045      6.000    23.6340    32.5830  1021.9456     6.9160     0.1825        568 0.0000e+00
      7.047      7.000    23.4946    32.5788  1021.9871     6.9256     0.1704        580 0.0000e+00
      8.054      8.000    23.2901    32.6112  1022.0750     6.9789     0.1895        593 0.0000e+00
      9.061      9.000    23.2206    32.6121  1022.1000     7.0228     0.2138        604 0.0000e+00
     10.065     10.000    23.1601    32.6085  1022.1189     7.0329     0.2130        617 0.0000e+00
     11.074     11.000    23.1044    32.6178  1022.1464     7.0388     0.2160        629 0.0000e+00
     12.076     12.000    23.1084    32.6331  1022.1612     7.0362     0.2024        639 0.0000e+00
     13.083     13.000    23.1142    32.6350  1022.1652     7.0332     0.2273        655 0.0000e+00
     14.089     14.000    23.1017    32.6543  1022.1879     7.0757     0.2188        665 0.0000e+00
     15.093     15.000    23.1039    32.6755  1022.2076     7.0779     0.2378        677 0.0000e+00
     16.099     16.000    23.1137    32.7009  1022.2285     7.0607     0.2350        689 0.0000e+00
     17.106     17.000    23.1350    32.7641  1022.2745     7.0529     0.2570        701 0.0000e+00
     18.110     18.000    23.1609    32.8597  1022.3439     7.0200     0.2788        712 0.0000e+00
     19.118     19.000    23.1985    33.0416  1022.4752     6.9640     0.2782        724 0.0000e+00
     20.121     20.000    23.2023    33.1412  1022.5539     6.9427     0.2914        735 0.0000e+00
     21.129     21.000    23.1988    33.1731  1022.5834     6.9111     0.3193        747 0.0000e+00
     22.133     22.000    23.1948    33.2294  1022.6316     6.8980     0.3123        757 0.0000e+00
     23.139     23.000    23.1269    33.3306  1022.7320     6.8410     0.3063        769 0.0000e+00
     24.143     24.000    22.0561    33.0764  1022.8456     6.8977     0.2767        781 0.0000e+00
     25.152     25.000    21.4830    33.1637  1023.0753     7.1635     0.2338        793 0.0000e+00
     26.157     26.000    21.3069    33.1749  1023.1361     7.1365     0.2278        802 0.0000e+00
     27.160     27.000    20.8770    33.2961  1023.3488     7.0522     0.2467        814 0.0000e+00
     28.172     28.000    20.3781    33.2439  1023.4466     7.0411     0.2839        825 0.0000e+00
     29.174     29.000    19.8580    33.1322  1023.5022     7.0419     0.3264        833 0.0000e+00
     30.180     30.000    19.2119    33.1234  1023.6660     7.0556     0.3833        847 0.0000e+00
     31.185     31.000    18.4922    32.9849  1023.7452     7.0084     0.4336        857 0.0000e+00
     32.188     32.000    18.1449    33.3118  1024.0856     6.9275     0.4636        870 0.0000e+00
     33.194     33.000    18.9920    33.9039  1024.3311     6.1816     0.5190        884 0.0000e+00
     34.202     34.000    19.4086    34.0470  1024.3383     5.9712     0.7079        896 0.0000e+00
     35.205     35.000    19.5303    33.9913  1024.2688     5.9248     0.8668        907 0.0000e+00
     36.212     36.000    19.3003    34.0020  1024.3406     5.7204     0.8219        924 0.0000e+00
     37.217     37.000    19.1581    34.0330  1024.4051     5.5271     0.7121        937 0.0000e+00
     38.228     38.000    19.1398    34.0192  1024.4037     5.5140     0.6493        947 0.0000e+00
     39.230     39.000    19.0485    34.0082  1024.4229     5.4780     0.5937        957 0.0000e+00
     40.235     40.000    18.7683    33.9715  1024.4703     5.3428     0.6442        968 0.0000e+00
     41.247     41.000    18.6445    33.9574  1024.4951     5.3191     0.6502        978 0.0000e+00
     42.253     42.000    18.4301    33.8535  1024.4736     5.3016     0.5935        985 0.0000e+00
     43.251     43.000    18.1451    33.7598  1024.4769     5.3941     0.5641        996 0.0000e+00
     44.263     44.000    17.7241    33.7544  1024.5803     5.3611     0.5039       1008 0.0000e+00
     45.267     45.000    18.0532    34.1687  1024.8209     5.3437     0.4326       1016 0.0000e+00
     46.271     46.000    18.7622    34.2537  1024.7139     5.1830     0.4211       1026 0.0000e+00
     47.280     47.000    18.8388    34.2387  1024.6876     5.0793     0.4252       1035 0.0000e+00
     48.282     48.000    18.8905    34.2736  1024.7055     5.0933     0.4194       1044 0.0000e+00
     49.290     49.000    18.9784    34.3480  1024.7444     5.0521     0.4037       1054 0.0000e+00
     50.295     50.000    19.0234    34.3504  1024.7392     5.0330     0.3727       1063 0.0000e+00
     51.301     51.000    18.9092    34.2404  1024.6886     5.0396     0.3704       1073 0.0000e+00
     52.309     52.000    18.5902    34.1762  1024.7245     5.0915     0.3643       1081 0.0000e+00
     53.315     53.000    18.4083    34.1699  1024.7696     5.1362     0.3516       1089 0.0000e+00
     54.316     54.000    18.2852    34.1705  1024.8051     5.1470     0.3873       1099 0.0000e+00
     55.325     55.000    18.2201    34.1774  1024.8310     5.1432     0.4210       1110 0.0000e+00
     56.336     56.000    18.2161    34.1986  1024.8526     5.1472     0.3755       1117 0.0000e+00
     57.335     57.000    18.1833    34.1654  1024.8398     5.1173     0.3942       1125 0.0000e+00
     58.340     58.000    18.0806    34.1332  1024.8449     5.1399     0.3914       1136 0.0000e+00
     59.350     59.000    17.9325    34.0707  1024.8379     5.1282     0.3685       1145 0.0000e+00
     60.354     60.000    17.7987    34.0735  1024.8772     5.1656     0.3538       1153 0.0000e+00
     61.358     61.000    17.7669    34.1054  1024.9138     5.2000     0.3612       1163 0.0000e+00
     62.367     62.000    17.8017    34.1060  1024.9102     5.1692     0.3409       1172 0.0000e+00
     63.373     63.000    17.8036    34.1071  1024.9150     5.1606     0.3362       1179 0.0000e+00
     64.374     64.000    17.7976    34.0997  1024.9153     5.1736     0.3348       1189 0.0000e+00
     65.383     65.000    17.7233    34.0629  1024.9096     5.1449     0.3349       1200 0.0000e+00
     66.391     66.000    17.5699    34.0057  1024.9075     5.1435     0.3131       1208 0.0000e+00
     67.393     67.000    17.4239    34.0187  1024.9571     5.1279     0.3038       1217 0.0000e+00
     68.399     68.000    17.3672    34.0288  1024.9830     5.1203     0.2802       1227 0.0000e+00
     69.406     69.000    17.3416    34.0122  1024.9809     5.0846     0.2534       1237 0.0000e+00
     70.412     70.000    17.1980    33.9702  1024.9874     5.0812     0.2088       1246 0.0000e+00
     71.416     71.000    17.1049    33.9857  1025.0259     5.1099     0.1784       1256 0.0000e+00
     72.424     72.000    17.0600    33.9743  1025.0323     5.1604     0.1643       1265 0.0000e+00
     73.431     73.000    16.9886    33.9225  1025.0139     5.1978     0.1607       1274 0.0000e+00
     74.433     74.000    16.7555    33.8918  1025.0498     5.2060     0.1611       1283 0.0000e+00
     75.440     75.000    16.6413    33.9205  1025.1031     5.2645     0.1505       1295 0.0000e+00
     76.451     76.000    16.6606    33.9849  1025.1525     5.3130     0.1462       1303 0.0000e+00
     77.453     77.000    16.7044    33.9943  1025.1538     5.3793     0.1462       1311 0.0000e+00
     78.457     78.000    16.6245    33.9488  1025.1421     5.3148     0.1400       1322 0.0000e+00
     79.467     79.000    16.4314    33.8488  1025.1146     5.3429     0.1295       1330 0.0000e+00
     80.469     80.000    16.1392    33.8552  1025.1913     5.4018     0.1321       1342 0.0000e+00
     81.476     81.000    15.9397    33.7777  1025.1819     5.4308     0.1248       1353 0.0000e+00
     82.479     82.000    15.5016    33.7603  1025.2715     5.5025     0.1140       1368 0.0000e+00
     83.484     83.000    15.3469    33.7856  1025.3301     5.5658     0.1081       1385 0.0000e+00
     84.492     84.000    15.3609    33.8466  1025.3784     5.5956     0.1063       1399 0.0000e+00
     85.497     85.000    15.4177    33.9428  1025.4442     5.5781     0.1253       1416 0.0000e+00
     86.501     86.000    15.3882    33.9625  1025.4705     5.5549     0.1121       1432 0.0000e+00
     87.509     87.000    15.2347    33.9445  1025.4951     5.5638     0.1205       1448 0.0000e+00
     88.514     88.000    15.0663    34.0289  1025.6017     5.5413     0.1020       1464 0.0000e+00
     89.523     89.000    15.0881    34.2815  1025.7959     5.3819     0.0832       1479 0.0000e+00
     90.527     90.000    15.1285    34.3562  1025.8490     5.1382     0.0789       1497 0.0000e+00
     91.535     91.000    15.1408    34.3811  1025.8699     5.0556     0.0804       1512 0.0000e+00
     92.539     92.000    15.1412    34.3871  1025.8789     5.0348     0.0922       1531 0.0000e+00
     93.546     93.000    15.1412    34.3904  1025.8859     5.0308     0.0797       1547 0.0000e+00
     94.553     94.000    15.1405    34.3923  1025.8920     5.0200     0.0712       1571 0.0000e+00
     95.552     95.000    15.1399    34.3926  1025.8968     5.0205     0.0760       1625 0.0000e+00
