Ori/ps_team/tsdiagram/t_s_diagram/20190706_15.cnv
* Sea-Bird SBE 19plus V2 Data File:
* FileName = D:\CTD Data\제주대학교 20190703\20190706_15.hex
* Software Version Seasave V 7.26.7.107
* Temperature SN = 7813
* Conductivity SN = 7813
* System UpLoad Time = Jul 06 2019 02:38:29
** Ship: ara
** Station: st.15
** Operator: jblee
# nquan = 9
# nvalues = 40                          
# units = specified
# name 0 = prdM: Pressure, Strain Gauge [db]
# name 1 = depSM: Depth [salt water, m], lat = 0.00
# name 2 = tv290C: Temperature [ITS-90, deg C]
# name 3 = sal00: Salinity, Practical [PSU]
# name 4 = density00: Density [density, kg/m^3]
# name 5 = sbeox0Mg/L: Oxygen, SBE 43 [mg/l]
# name 6 = flECO-AFL: Fluorescence, WET Labs ECO-AFL/FL [mg/m^3]
# name 7 = scan: Scan Count
# name 8 = flag: flag
# span 0 =      1.013,     40.231       
# span 1 =      1.000,     40.000       
# span 2 =    17.4223,    22.8699       
# span 3 =    30.4941,    31.6918       
# span 4 =  1020.5686,  1023.0460       
# span 5 =     5.5088,     7.8485       
# span 6 =     0.5283,     3.2029       
# span 7 =        159,        768       
# span 8 = 0.0000e+00, 0.0000e+00       
# interval = meters: 1                  
# start_time = Jul 05 2019 17:38:29 [System UTC, header]
# bad_flag = -9.990e-29
*END*
      1.013      1.000    22.7088    30.5209  1020.6267     5.5088     0.5992        159 0.0000e+00
      2.025      2.000    22.8699    30.4978  1020.5686     7.2313     0.6050        402 0.0000e+00
      3.030      3.000    22.8658    30.4941  1020.5713     7.3079     0.5955        414 0.0000e+00
      4.036      4.000    22.8469    30.5069  1020.5906     7.2573     0.6136        423 0.0000e+00
      5.043      5.000    22.7284    30.5977  1020.6970     7.3285     0.6193        432 0.0000e+00
      6.046      6.000    22.5015    30.8345  1020.9440     7.4627     0.6218        440 0.0000e+00
      7.050      7.000    22.3386    30.9835  1021.1065     7.6721     0.7791        451 0.0000e+00
      8.058      8.000    22.2721    31.0249  1021.1607     7.7183     0.9508        461 0.0000e+00
      9.065      9.000    22.1955    31.0847  1021.2316     7.7766     0.9877        469 0.0000e+00
     10.069     10.000    21.9555    31.0677  1021.2890     7.8485     1.2785        477 0.0000e+00
     11.072     11.000    20.5430    31.1258  1021.7159     7.7713     2.5284        488 0.0000e+00
     12.082     12.000    19.2682    31.3458  1022.2169     7.3812     3.2029        498 0.0000e+00
     13.089     13.000    18.9425    31.4162  1022.3563     7.0990     2.7764        505 0.0000e+00
     14.090     14.000    18.6405    31.4818  1022.4856     7.0278     2.4207        514 0.0000e+00
     15.097     15.000    18.3557    31.5349  1022.6005     6.9752     1.8968        524 0.0000e+00
     16.105     16.000    18.1586    31.5806  1022.6879     6.8817     1.5812        532 0.0000e+00
     17.108     17.000    17.9654    31.5965  1022.7512     6.8234     1.3058        540 0.0000e+00
     18.115     18.000    17.7407    31.6300  1022.8351     6.7199     1.0686        549 0.0000e+00
     19.121     19.000    17.6071    31.6737  1022.9049     6.5928     0.8905        557 0.0000e+00
     20.125     20.000    17.5700    31.6796  1022.9226     6.6014     0.7415        566 0.0000e+00
     21.132     21.000    17.5413    31.6782  1022.9328     6.5965     0.7095        575 0.0000e+00
     22.137     22.000    17.5188    31.6854  1022.9482     6.5830     0.6732        582 0.0000e+00
     23.141     23.000    17.5021    31.6797  1022.9522     6.5696     0.6688        591 0.0000e+00
     24.148     24.000    17.4507    31.6867  1022.9742     6.5395     0.6552        600 0.0000e+00
     25.151     25.000    17.4395    31.6918  1022.9851     6.5314     0.5956        609 0.0000e+00
     26.161     26.000    17.4361    31.6906  1022.9896     6.4940     0.5740        619 0.0000e+00
     27.169     27.000    17.4308    31.6906  1022.9952     6.5052     0.5912        626 0.0000e+00
     28.168     28.000    17.4295    31.6907  1023.0001     6.5322     0.5283        634 0.0000e+00
     29.175     29.000    17.4298    31.6899  1023.0038     6.4986     0.5288        645 0.0000e+00
     30.184     30.000    17.4270    31.6873  1023.0069     6.4697     0.5402        654 0.0000e+00
     31.189     31.000    17.4240    31.6851  1023.0104     6.4835     0.5638        662 0.0000e+00
     32.192     32.000    17.4237    31.6845  1023.0145     6.4733     0.5704        670 0.0000e+00
     33.197     33.000    17.4235    31.6840  1023.0185     6.4953     0.5664        681 0.0000e+00
     34.204     34.000    17.4230    31.6838  1023.0229     6.4846     0.5972        690 0.0000e+00
     35.211     35.000    17.4227    31.6831  1023.0269     6.5147     0.5742        698 0.0000e+00
     36.216     36.000    17.4226    31.6818  1023.0304     6.5174     0.5445        707 0.0000e+00
     37.218     37.000    17.4229    31.6808  1023.0339     6.5040     0.5767        718 0.0000e+00
     38.226     38.000    17.4223    31.6800  1023.0380     6.5134     0.5665        728 0.0000e+00
     39.229     39.000    17.4227    31.6799  1023.0422     6.5086     0.5759        739 0.0000e+00
     40.231     40.000    17.4226    31.6790  1023.0460     6.4996     0.5735        768 0.0000e+00
