Ori/ps_team/tsdiagram/t_s_diagram/20190703_02.cnv
* Sea-Bird SBE 19plus V2 Data File:
* FileName = D:\CTD Data\제주대학교 20190703\20190703_02.hex
* Software Version Seasave V 7.26.7.107
* Temperature SN = 7813
* Conductivity SN = 7813
* System UpLoad Time = Jul 03 2019 21:59:07
** Ship: ara
** Station: 4
** Operator: jblee
# nquan = 9
# nvalues = 130                         
# units = specified
# name 0 = prdM: Pressure, Strain Gauge [db]
# name 1 = depSM: Depth [salt water, m], lat = 0.00
# name 2 = tv290C: Temperature [ITS-90, deg C]
# name 3 = sal00: Salinity, Practical [PSU]
# name 4 = density00: Density [density, kg/m^3]
# name 5 = sbeox0Mg/L: Oxygen, SBE 43 [mg/l]
# name 6 = flECO-AFL: Fluorescence, WET Labs ECO-AFL/FL [mg/m^3]
# name 7 = scan: Scan Count
# name 8 = flag: flag
# span 0 =      1.021,    130.754       
# span 1 =      1.000,    130.000       
# span 2 =    12.4249,    22.6843       
# span 3 =    31.9998,    33.5912       
# span 4 =  1021.7880,  1025.9699       
# span 5 =     5.6293,     8.0253       
# span 6 =     0.1368,     1.0694       
# span 7 =         73,       1256       
# span 8 = 0.0000e+00, 0.0000e+00       
# interval = meters: 1                  
# start_time = Jul 03 2019 12:59:07 [System UTC, header]
# bad_flag = -9.990e-29
*END*
      1.021      1.000    22.6811    32.0439  1021.7880     7.1832     0.2305         73 0.0000e+00
      2.033      2.000    22.6843    32.0426  1021.7905     7.1644     0.2067         79 0.0000e+00
      3.034      3.000    22.6841    32.0426  1021.7949     7.1772     0.2139         85 0.0000e+00
      4.042      4.000    22.6828    32.0441  1021.8008     7.1945     0.2157         92 0.0000e+00
      5.048      5.000    22.6301    31.9998  1021.7890     7.2286     0.2021         98 0.0000e+00
      6.052      6.000    22.1348    32.0231  1021.9493     7.2847     0.2348        104 0.0000e+00
      7.058      7.000    21.5880    32.1333  1022.1851     7.4929     0.2477        110 0.0000e+00
      8.065      8.000    21.3579    32.2240  1022.3209     7.6591     0.2833        117 0.0000e+00
      9.068      9.000    21.2906    32.2487  1022.3623     7.6813     0.3355        123 0.0000e+00
     10.075     10.000    21.2452    32.2615  1022.3886     7.6760     0.3627        129 0.0000e+00
     11.081     11.000    21.1955    32.2993  1022.4352     7.6514     0.3842        136 0.0000e+00
     12.086     12.000    21.1482    32.3311  1022.4764     7.6991     0.4215        142 0.0000e+00
     13.091     13.000    21.0696    32.3998  1022.5542     7.7097     0.4755        148 0.0000e+00
     14.096     14.000    20.9830    32.4628  1022.6297     7.7056     0.5529        154 0.0000e+00
     15.102     15.000    20.8753    32.5307  1022.7147     7.6931     0.5573        161 0.0000e+00
     16.108     16.000    20.7397    32.5848  1022.7964     7.7088     0.6273        167 0.0000e+00
     17.113     17.000    20.3784    32.6876  1022.9747     7.7100     0.7012        174 0.0000e+00
     18.119     18.000    20.1148    32.7773  1023.1167     7.7837     0.7355        180 0.0000e+00
     19.124     19.000    19.9541    32.8272  1023.2009     7.8133     0.8373        187 0.0000e+00
     20.130     20.000    19.8711    32.9148  1023.2937     7.8008     0.8718        193 0.0000e+00
     21.135     21.000    19.8838    32.9686  1023.3358     7.8402     0.8929        200 0.0000e+00
     22.141     22.000    19.9045    33.0351  1023.3855     7.8296     0.8414        207 0.0000e+00
     23.145     23.000    19.8355    33.0930  1023.4520     7.8188     0.7897        214 0.0000e+00
     24.152     24.000    19.5699    33.1593  1023.5755     7.9284     0.8282        221 0.0000e+00
     25.157     25.000    19.2580    33.2375  1023.7194     7.9821     0.8954        228 0.0000e+00
     26.163     26.000    18.8668    33.2717  1023.8490     8.0253     1.0001        235 0.0000e+00
     27.168     27.000    18.3468    33.2503  1023.9667     8.0042     1.0569        241 0.0000e+00
     28.175     28.000    17.5809    33.1362  1024.0703     7.7981     1.0059        248 0.0000e+00
     29.181     29.000    16.6566    33.1089  1024.2723     7.5321     1.0122        255 0.0000e+00
     30.186     30.000    15.9317    32.9944  1024.3542     7.4143     1.0156        261 0.0000e+00
     31.192     31.000    15.3467    33.0701  1024.5474     7.2908     1.0463        267 0.0000e+00
     32.198     32.000    14.9026    33.0220  1024.6115     7.1853     1.0240        274 0.0000e+00
     33.205     33.000    14.4841    33.0926  1024.7600     7.0814     1.0012        280 0.0000e+00
     34.210     34.000    14.3217    33.2146  1024.8929     6.9462     0.9825        286 0.0000e+00
     35.214     35.000    14.1161    33.0718  1024.8302     6.9351     0.9832        293 0.0000e+00
     36.220     36.000    13.7043    33.0928  1024.9362     6.8899     1.0076        299 0.0000e+00
     37.224     37.000    13.4676    33.1167  1025.0074     6.8259     1.0524        306 0.0000e+00
     38.229     38.000    13.3378    33.1498  1025.0636     6.8181     1.0401        314 0.0000e+00
     39.235     39.000    13.2988    33.1609  1025.0846     6.7813     1.0613        321 0.0000e+00
     40.242     40.000    13.2621    33.1581  1025.0943     6.8467     1.0291        328 0.0000e+00
     41.248     41.000    13.2077    33.1649  1025.1150     6.8687     1.0241        335 0.0000e+00
     42.252     42.000    13.1775    33.1745  1025.1329     6.8295     1.0454        343 0.0000e+00
     43.257     43.000    13.1552    33.1734  1025.1410     6.8083     1.0151        350 0.0000e+00
     44.265     44.000    13.1262    33.1775  1025.1545     6.8190     1.0077        358 0.0000e+00
     45.270     45.000    13.1115    33.1801  1025.1639     6.7634     1.0220        365 0.0000e+00
     46.275     46.000    13.1022    33.1811  1025.1711     6.7772     1.0240        373 0.0000e+00
     47.283     47.000    13.0805    33.1798  1025.1789     6.8124     1.0068        380 0.0000e+00
     48.289     48.000    13.0548    33.1882  1025.1950     6.8154     1.0120        387 0.0000e+00
     49.295     49.000    13.0427    33.1900  1025.2033     6.8353     1.0111        394 0.0000e+00
     50.301     50.000    13.0222    33.1906  1025.2123     6.8381     1.0310        400 0.0000e+00
     51.307     51.000    12.9965    33.1978  1025.2275     6.8259     1.0471        406 0.0000e+00
     52.313     52.000    12.9812    33.2012  1025.2376     6.7804     1.0440        413 0.0000e+00
     53.320     53.000    12.9629    33.2023  1025.2466     6.8084     1.0694        419 0.0000e+00
     54.325     54.000    12.9378    33.2057  1025.2588     6.8118     1.0675        425 0.0000e+00
     55.331     55.000    12.9166    33.2123  1025.2725     6.7858     1.0370        431 0.0000e+00
     56.336     56.000    12.9047    33.2151  1025.2815     6.7755     1.0355        438 0.0000e+00
     57.342     57.000    12.8873    33.2158  1025.2901     6.7658     1.0447        444 0.0000e+00
     58.348     58.000    12.8643    33.2223  1025.3041     6.7678     1.0577        450 0.0000e+00
     59.354     59.000    12.8481    33.2266  1025.3152     6.7763     1.0164        457 0.0000e+00
     60.360     60.000    12.8386    33.2293  1025.3236     6.7719     1.0287        463 0.0000e+00
     61.366     61.000    12.8015    33.2209  1025.3290     6.7600     1.0437        469 0.0000e+00
     62.371     62.000    12.6935    33.2425  1025.3714     6.7501     1.0057        475 0.0000e+00
     63.376     63.000    12.5741    33.2741  1025.4236     6.6602     0.9508        482 0.0000e+00
     64.382     64.000    12.4542    33.3245  1025.4905     6.5717     0.8792        488 0.0000e+00
     65.388     65.000    12.4249    33.3955  1025.5557     6.4811     0.7631        495 0.0000e+00
     66.395     66.000    12.4756    33.4554  1025.5968     6.3803     0.6758        501 0.0000e+00
     67.399     67.000    12.5249    33.4787  1025.6098     6.2939     0.5593        507 0.0000e+00
     68.405     68.000    12.5795    33.5171  1025.6334     6.2051     0.4340        514 0.0000e+00
     69.410     69.000    12.6262    33.5341  1025.6420     6.1509     0.3916        521 0.0000e+00
     70.418     70.000    12.6453    33.5418  1025.6487     6.0932     0.3099        527 0.0000e+00
     71.423     71.000    12.6440    33.5464  1025.6570     6.0142     0.2694        534 0.0000e+00
     72.429     72.000    12.6377    33.5484  1025.6643     5.9669     0.2386        540 0.0000e+00
     73.434     73.000    12.6303    33.5519  1025.6729     5.9645     0.2416        547 0.0000e+00
     74.440     74.000    12.6245    33.5543  1025.6805     5.9494     0.2232        553 0.0000e+00
     75.446     75.000    12.6151    33.5562  1025.6883     5.9163     0.2066        560 0.0000e+00
     76.452     76.000    12.5966    33.5556  1025.6960     5.8816     0.1944        566 0.0000e+00
     77.458     77.000    12.5830    33.5627  1025.7086     5.8544     0.1932        573 0.0000e+00
     78.464     78.000    12.5797    33.5674  1025.7174     5.8182     0.1916        579 0.0000e+00
     79.470     79.000    12.5795    33.5702  1025.7242     5.7929     0.1751        586 0.0000e+00
     80.476     80.000    12.5799    33.5712  1025.7293     5.7975     0.1607        592 0.0000e+00
     81.482     81.000    12.5840    33.5798  1025.7397     5.7821     0.1691        599 0.0000e+00
     82.487     82.000    12.6061    33.5838  1025.7429     5.7677     0.1634        606 0.0000e+00
     83.493     83.000    12.6015    33.5700  1025.7377     5.7722     0.1674        613 0.0000e+00
     84.500     84.000    12.5980    33.5819  1025.7521     5.7733     0.1559        619 0.0000e+00
     85.506     85.000    12.6071    33.5807  1025.7539     5.7843     0.1624        625 0.0000e+00
     86.511     86.000    12.6125    33.5860  1025.7614     5.7716     0.1624        632 0.0000e+00
     87.518     87.000    12.6179    33.5843  1025.7636     5.7534     0.1661        639 0.0000e+00
     88.523     88.000    12.6135    33.5776  1025.7637     5.7411     0.1561        645 0.0000e+00
     89.529     89.000    12.6020    33.5809  1025.7730     5.7513     0.1567        652 0.0000e+00
     90.535     90.000    12.6144    33.5902  1025.7823     5.7668     0.1618        659 0.0000e+00
     91.541     91.000    12.6244    33.5884  1025.7835     5.7614     0.1619        665 0.0000e+00
     92.547     92.000    12.6241    33.5892  1025.7887     5.7391     0.1542        672 0.0000e+00
     93.554     93.000    12.6244    33.5904  1025.7941     5.7213     0.1513        678 0.0000e+00
     94.559     94.000    12.6242    33.5901  1025.7983     5.7161     0.1493        685 0.0000e+00
     95.565     95.000    12.6241    33.5900  1025.8028     5.7196     0.1521        692 0.0000e+00
     96.571     96.000    12.6233    33.5896  1025.8071     5.7013     0.1634        699 0.0000e+00
     97.577     97.000    12.6226    33.5901  1025.8121     5.7035     0.1532        705 0.0000e+00
     98.584     98.000    12.6228    33.5890  1025.8159     5.6984     0.1479        712 0.0000e+00
     99.589     99.000    12.6209    33.5886  1025.8203     5.7157     0.1542        718 0.0000e+00
    100.595    100.000    12.6191    33.5890  1025.8255     5.7350     0.1474        725 0.0000e+00
    101.601    101.000    12.6166    33.5868  1025.8289     5.7278     0.1533        732 0.0000e+00
    102.607    102.000    12.6127    33.5877  1025.8348     5.7253     0.1524        738 0.0000e+00
    103.613    103.000    12.6099    33.5861  1025.8386     5.7208     0.1489        745 0.0000e+00
    104.620    104.000    12.6075    33.5871  1025.8443     5.6968     0.1489        751 0.0000e+00
    105.625    105.000    12.6077    33.5878  1025.8494     5.6952     0.1539        758 0.0000e+00
    106.631    106.000    12.6091    33.5864  1025.8525     5.7110     0.1498        764 0.0000e+00
    107.637    107.000    12.6033    33.5837  1025.8561     5.7275     0.1595        771 0.0000e+00
    108.645    108.000    12.5987    33.5846  1025.8621     5.7011     0.1522        778 0.0000e+00
    109.649    109.000    12.5973    33.5863  1025.8683     5.6963     0.1493        784 0.0000e+00
    110.655    110.000    12.6015    33.5872  1025.8726     5.7012     0.1505        791 0.0000e+00
    111.662    111.000    12.6041    33.5874  1025.8768     5.6897     0.1515        798 0.0000e+00
    112.667    112.000    12.6103    33.5912  1025.8830     5.7079     0.1461        804 0.0000e+00
    113.673    113.000    12.6054    33.5781  1025.8783     5.6970     0.1368        811 0.0000e+00
    114.680    114.000    12.5867    33.5788  1025.8870     5.7011     0.1469        817 0.0000e+00
    115.686    115.000    12.5820    33.5833  1025.8960     5.7090     0.1479        824 0.0000e+00
    116.692    116.000    12.5823    33.5806  1025.8984     5.7075     0.1508        831 0.0000e+00
    117.699    117.000    12.5789    33.5809  1025.9037     5.6953     0.1544        837 0.0000e+00
    118.704    118.000    12.5730    33.5766  1025.9060     5.6913     0.1485        844 0.0000e+00
    119.712    119.000    12.5562    33.5695  1025.9083     5.6822     0.1531        850 0.0000e+00
    120.717    120.000    12.5344    33.5709  1025.9182     5.6873     0.1480        857 0.0000e+00
    121.722    121.000    12.5356    33.5800  1025.9296     5.6849     0.1485        863 0.0000e+00
    122.729    122.000    12.5356    33.5649  1025.9224     5.6698     0.1544        870 0.0000e+00
    123.734    123.000    12.5030    33.5661  1025.9341     5.6635     0.1383        877 0.0000e+00
    124.742    124.000    12.5022    33.5671  1025.9396     5.6594     0.1469        883 0.0000e+00
    125.748    125.000    12.4919    33.5692  1025.9477     5.6693     0.1498        889 0.0000e+00
    126.750    126.000    12.4942    33.5696  1025.9520     5.6716     0.1563        896 0.0000e+00
    127.753    127.000    12.4976    33.5708  1025.9568     5.6477     0.1648        906 0.0000e+00
    128.757    128.000    12.5031    33.5718  1025.9610     5.6797     0.1571        916 0.0000e+00
    129.762    129.000    12.5145    33.5704  1025.9622     5.6742     0.1727        929 0.0000e+00
    130.754    130.000    12.4565    33.5601  1025.9699     5.6293     0.1703       1256 0.0000e+00
