Ori/ps_team/tsdiagram/t_s_diagram/20190706_17.cnv
* Sea-Bird SBE 19plus V2 Data File:
* FileName = D:\CTD Data\제주대학교 20190703\20190706_17.hex
* Software Version Seasave V 7.26.7.107
* Temperature SN = 7813
* Conductivity SN = 7813
* System UpLoad Time = Jul 06 2019 10:36:21
** Ship: ara
** Station: st.17
** Operator: jblee
# nquan = 9
# nvalues = 99                          
# units = specified
# name 0 = prdM: Pressure, Strain Gauge [db]
# name 1 = depSM: Depth [salt water, m], lat = 0.00
# name 2 = tv290C: Temperature [ITS-90, deg C]
# name 3 = sal00: Salinity, Practical [PSU]
# name 4 = density00: Density [density, kg/m^3]
# name 5 = sbeox0Mg/L: Oxygen, SBE 43 [mg/l]
# name 6 = flECO-AFL: Fluorescence, WET Labs ECO-AFL/FL [mg/m^3]
# name 7 = scan: Scan Count
# name 8 = flag: flag
# span 0 =      2.049,    100.583       
# span 1 =      2.000,    100.000       
# span 2 =    15.1182,    23.1606       
# span 3 =    31.8158,    34.5068       
# span 4 =  1021.4840,  1025.8094       
# span 5 =     4.4945,     7.2296       
# span 6 =     0.0418,     1.0901       
# span 7 =        560,       1581       
# span 8 = 0.0000e+00, 0.0000e+00       
# interval = meters: 1                  
# start_time = Jul 06 2019 01:36:21 [System UTC, header]
# bad_flag = -9.990e-29
*END*
      2.049      2.000    23.1606    31.8158  1021.4840     7.0097     0.2145        560 0.0000e+00
      3.035      3.000    23.1506    31.8200  1021.4943     7.0138     0.1302        564 0.0000e+00
      4.048      4.000    23.1370    31.8173  1021.5004     7.0347     0.1446        570 0.0000e+00
      5.049      5.000    23.1101    31.8294  1021.5217     7.0694     0.1451        575 0.0000e+00
      6.047      6.000    23.1004    31.8350  1021.5330     7.0258     0.1566        583 0.0000e+00
      7.061      7.000    23.0790    31.8522  1021.5565     7.0240     0.1679        590 0.0000e+00
      8.064      8.000    23.0473    31.8971  1021.6038     7.0411     0.1595        596 0.0000e+00
      9.066      9.000    23.0252    31.9661  1021.6667     7.0281     0.1851        602 0.0000e+00
     10.071     10.000    22.9485    32.2534  1021.9105     7.0867     0.1985        610 0.0000e+00
     11.083     11.000    22.8622    32.3392  1022.0044     7.0946     0.2103        617 0.0000e+00
     12.092     12.000    22.7807    32.3299  1022.0247     7.0898     0.2287        622 0.0000e+00
     13.084     13.000    22.5932    32.3389  1022.0887     7.1233     0.2596        629 0.0000e+00
     14.098     14.000    22.3671    32.3456  1022.1618     7.1944     0.3322        639 0.0000e+00
     15.105     15.000    22.2396    32.3421  1022.1991     7.1970     0.3994        644 0.0000e+00
     16.106     16.000    22.1143    32.3223  1022.2231     7.2032     0.4829        651 0.0000e+00
     17.112     17.000    21.9224    32.3012  1022.2646     7.2042     0.5910        658 0.0000e+00
     18.116     18.000    21.6315    32.3487  1022.3849     7.1885     0.7427        665 0.0000e+00
     19.123     19.000    21.2521    32.5619  1022.6545     7.1328     0.9577        672 0.0000e+00
     20.130     20.000    21.2235    32.8020  1022.8491     7.1650     1.0901        679 0.0000e+00
     21.134     21.000    21.6375    33.2920  1023.1125     7.2296     1.0521        685 0.0000e+00
     22.137     22.000    22.3613    33.7792  1023.2853     6.9879     0.8743        694 0.0000e+00
     23.152     23.000    22.9126    34.1167  1023.3893     6.7101     0.6187        701 0.0000e+00
     24.151     24.000    22.9926    34.0470  1023.3179     6.6537     0.4819        706 0.0000e+00
     25.153     25.000    22.7348    33.9939  1023.3557     6.6265     0.4616        716 0.0000e+00
     26.166     26.000    22.4342    33.8850  1023.3627     6.6503     0.5293        723 0.0000e+00
     27.167     27.000    22.0217    33.9150  1023.5057     6.6220     0.6752        729 0.0000e+00
     28.174     28.000    21.6268    33.9706  1023.6619     6.5404     0.8875        737 0.0000e+00
     29.178     29.000    21.4427    34.1017  1023.8166     6.3946     1.0347        744 0.0000e+00
     30.182     30.000    21.4067    34.1367  1023.8575     6.3279     1.0323        752 0.0000e+00
     31.190     31.000    21.3385    34.1380  1023.8816     6.2785     1.0086        761 0.0000e+00
     32.199     32.000    21.2752    34.1151  1023.8859     6.2605     0.9844        767 0.0000e+00
     33.198     33.000    21.1555    34.0871  1023.9015     6.2142     0.9812        774 0.0000e+00
     34.204     34.000    20.9969    34.0451  1023.9170     6.1677     0.9188        784 0.0000e+00
     35.211     35.000    20.7289    33.9725  1023.9385     6.1004     0.8853        792 0.0000e+00
     36.217     36.000    20.4757    33.9519  1023.9950     5.9361     0.8536        800 0.0000e+00
     37.219     37.000    20.3900    33.9735  1024.0386     5.9048     0.8239        810 0.0000e+00
     38.229     38.000    20.3666    33.9698  1024.0465     5.9102     0.7999        820 0.0000e+00
     39.240     39.000    20.3076    33.7939  1023.9324     5.9360     0.7893        826 0.0000e+00
     40.236     40.000    18.9922    33.2274  1023.8426     5.8128     0.7877        835 0.0000e+00
     41.246     41.000    17.7468    33.3137  1024.2245     5.5041     0.6890        847 0.0000e+00
     42.257     42.000    17.2829    33.2895  1024.3215     5.5569     0.6835        854 0.0000e+00
     43.255     43.000    17.1682    33.2861  1024.3505     5.4764     0.6788        861 0.0000e+00
     44.263     44.000    16.9150    33.1972  1024.3465     5.4908     0.6110        872 0.0000e+00
     45.274     45.000    16.5879    33.0612  1024.3227     5.4476     0.5699        879 0.0000e+00
     46.277     46.000    16.3857    33.1538  1024.4450     5.3754     0.4892        885 0.0000e+00
     47.281     47.000    16.3645    33.1560  1024.4560     5.3910     0.4545        892 0.0000e+00
     48.287     48.000    16.3399    33.1533  1024.4640     5.3760     0.4104        900 0.0000e+00
     49.294     49.000    16.3468    33.1808  1024.4880     5.3480     0.3986        907 0.0000e+00
     50.300     50.000    16.3757    33.2281  1024.5221     5.3311     0.3685        914 0.0000e+00
     51.302     51.000    16.4340    33.2620  1024.5391     5.3877     0.3169        921 0.0000e+00
     52.311     52.000    16.4856    33.3083  1024.5673     5.3869     0.3023        929 0.0000e+00
     53.320     53.000    16.5899    33.3602  1024.5874     5.3618     0.2974        936 0.0000e+00
     54.322     54.000    16.6500    33.4457  1024.6434     5.3329     0.3497        942 0.0000e+00
     55.323     55.000    16.8355    33.5034  1024.6487     5.2132     0.3045        951 0.0000e+00
     56.336     56.000    16.8744    33.5284  1024.6632     5.1081     0.2438        960 0.0000e+00
     57.342     57.000    16.9555    33.5837  1024.6910     5.1395     0.2401        966 0.0000e+00
     58.344     58.000    16.9805    33.5602  1024.6716     5.1433     0.2174        973 0.0000e+00
     59.350     59.000    16.9620    33.5598  1024.6801     5.1270     0.1926        981 0.0000e+00
     60.356     60.000    16.9572    33.5985  1024.7153     5.2416     0.2315        989 0.0000e+00
     61.363     61.000    17.0156    33.6517  1024.7467     5.3980     0.2379        996 0.0000e+00
     62.371     62.000    17.1309    33.7368  1024.7891     5.1739     0.1742       1003 0.0000e+00
     63.372     63.000    17.1978    33.7266  1024.7697     5.0689     0.1339       1010 0.0000e+00
     64.382     64.000    17.2768    33.7784  1024.7951     5.0532     0.1510       1019 0.0000e+00
     65.390     65.000    17.3164    33.7777  1024.7894     5.0515     0.1558       1025 0.0000e+00
     66.389     66.000    17.4476    33.9207  1024.8719     5.0478     0.1641       1032 0.0000e+00
     67.395     67.000    17.6444    33.9298  1024.8357     4.9542     0.1334       1041 0.0000e+00
     68.408     68.000    17.6478    33.9227  1024.8339     4.8719     0.1142       1048 0.0000e+00
     69.410     69.000    17.7748    34.1315  1024.9672     4.8912     0.0997       1054 0.0000e+00
     70.412     70.000    18.1036    34.1489  1024.9043     4.8519     0.1174       1062 0.0000e+00
     71.424     71.000    18.1539    34.1779  1024.9185     4.7107     0.1245       1069 0.0000e+00
     72.424     72.000    18.1887    34.1772  1024.9137     4.7130     0.1127       1076 0.0000e+00
     73.435     73.000    18.2130    34.2346  1024.9560     4.6930     0.1077       1084 0.0000e+00
     74.442     74.000    18.4078    34.3779  1025.0215     4.6557     0.1049       1090 0.0000e+00
     75.443     75.000    18.5287    34.3379  1024.9649     4.6070     0.1095       1097 0.0000e+00
     76.450     76.000    18.5414    34.3324  1024.9620     4.5722     0.1060       1105 0.0000e+00
     77.457     77.000    18.5439    34.3359  1024.9685     4.5690     0.1128       1113 0.0000e+00
     78.464     78.000    18.5842    34.3924  1025.0059     4.5606     0.1044       1120 0.0000e+00
     79.470     79.000    18.6704    34.4039  1024.9974     4.5684     0.1113       1126 0.0000e+00
     80.470     80.000    18.7491    34.4396  1025.0092     4.5647     0.1027       1134 0.0000e+00
     81.481     81.000    18.8141    34.4436  1025.0002     4.5689     0.1089       1143 0.0000e+00
     82.493     82.000    18.8263    34.4495  1025.0061     4.5798     0.1116       1149 0.0000e+00
     83.493     83.000    18.8349    34.4614  1025.0173     4.5638     0.1093       1154 0.0000e+00
     84.493     84.000    18.8527    34.4678  1025.0221     4.5451     0.1049       1163 0.0000e+00
     85.505     85.000    18.8835    34.4822  1025.0297     4.5220     0.1134       1172 0.0000e+00
     86.510     86.000    18.8989    34.4844  1025.0318     4.5453     0.1160       1178 0.0000e+00
     87.512     87.000    18.9173    34.4956  1025.0401     4.5223     0.1102       1186 0.0000e+00
     88.515     88.000    18.9560    34.5068  1025.0431     4.5217     0.0982       1197 0.0000e+00
     89.526     89.000    18.9619    34.5063  1025.0457     4.5020     0.1008       1240 0.0000e+00
     90.535     90.000    18.9598    34.4988  1025.0449     4.4945     0.0978       1313 0.0000e+00
     91.541     91.000    18.7822    34.3672  1024.9939     4.5192     0.0939       1318 0.0000e+00
     92.542     92.000    18.3866    34.4064  1025.1279     4.5188     0.0869       1326 0.0000e+00
     93.553     93.000    18.0221    34.0969  1024.9859     4.6136     0.0819       1334 0.0000e+00
     94.561     94.000    16.8687    33.8529  1025.0819     4.6750     0.0808       1341 0.0000e+00
     95.566     95.000    16.3400    34.0793  1025.3839     4.9257     0.0460       1347 0.0000e+00
     96.567     96.000    16.0615    34.0542  1025.4332     5.1196     0.0543       1354 0.0000e+00
     97.571     97.000    15.8000    34.0500  1025.4941     5.1265     0.0569       1367 0.0000e+00
     98.579     98.000    15.3188    34.1410  1025.6769     5.1514     0.0463       1497 0.0000e+00
     99.586     99.000    15.1612    34.2222  1025.7787     5.1754     0.0472       1537 0.0000e+00
    100.583    100.000    15.1182    34.2440  1025.8094     5.1734     0.0418       1581 0.0000e+00
