Ori/ps_team/tsdiagram/t_s_diagram/20190705_08.cnv
* Sea-Bird SBE 19plus V2 Data File:
* FileName = D:\CTD Data\제주대학교 20190703\20190704_08.hex
* Software Version Seasave V 7.26.7.107
* Temperature SN = 7813
* Conductivity SN = 7813
* System UpLoad Time = Jul 05 2019 02:01:47
** Ship: ara
** Station: st.08
** Operator: jblee
# nquan = 9
# nvalues = 101                         
# units = specified
# name 0 = prdM: Pressure, Strain Gauge [db]
# name 1 = depSM: Depth [salt water, m], lat = 0.00
# name 2 = tv290C: Temperature [ITS-90, deg C]
# name 3 = sal00: Salinity, Practical [PSU]
# name 4 = density00: Density [density, kg/m^3]
# name 5 = sbeox0Mg/L: Oxygen, SBE 43 [mg/l]
# name 6 = flECO-AFL: Fluorescence, WET Labs ECO-AFL/FL [mg/m^3]
# name 7 = scan: Scan Count
# name 8 = flag: flag
# span 0 =      2.025,    102.594       
# span 1 =      2.000,    102.000       
# span 2 =    14.3041,    23.1131       
# span 3 =    32.3447,    34.2601       
# span 4 =  1021.9384,  1025.9285       
# span 5 =     5.3969,     8.0636       
# span 6 =     0.0934,     1.0781       
# span 7 =        101,       1053       
# span 8 = 0.0000e+00, 0.0000e+00       
# interval = meters: 1                  
# start_time = Jul 04 2019 17:01:47 [System UTC, header]
# bad_flag = -9.990e-29
*END*
      2.025      2.000    23.0490    32.3742  1021.9384     7.1248     0.1221        101 0.0000e+00
      3.037      3.000    23.0496    32.3726  1021.9414     7.1596     0.1297        108 0.0000e+00
      4.033      4.000    23.0476    32.3727  1021.9463     7.1271     0.1229        116 0.0000e+00
      5.046      5.000    23.0486    32.3719  1021.9498     7.1175     0.1232        125 0.0000e+00
      6.057      6.000    23.0529    32.3746  1021.9551     7.1715     0.1141        130 0.0000e+00
      7.060      7.000    23.1000    32.3790  1021.9494     7.1879     0.1309        136 0.0000e+00
      8.066      8.000    23.1131    32.3665  1021.9404     7.1871     0.1276        141 0.0000e+00
      9.071      9.000    23.0820    32.3487  1021.9402     7.1494     0.1378        147 0.0000e+00
     10.072     10.000    22.9980    32.3462  1021.9666     7.1537     0.1383        153 0.0000e+00
     11.074     11.000    22.9578    32.3602  1021.9930     7.1651     0.1511        161 0.0000e+00
     12.088     12.000    22.9108    32.3447  1021.9991     7.2142     0.1548        169 0.0000e+00
     13.096     13.000    22.7194    32.3872  1022.0898     7.2147     0.1704        174 0.0000e+00
     14.099     14.000    22.6283    32.4317  1022.1537     7.2813     0.2147        179 0.0000e+00
     15.102     15.000    22.5950    32.4393  1022.1731     7.3645     0.2585        185 0.0000e+00
     16.108     16.000    22.5809    32.4429  1022.1843     7.3575     0.2935        192 0.0000e+00
     17.111     17.000    22.5681    32.4448  1022.1936     7.3456     0.3245        198 0.0000e+00
     18.116     18.000    22.5551    32.4476  1022.2038     7.3750     0.3151        206 0.0000e+00
     19.126     19.000    22.5392    32.4525  1022.2164     7.3604     0.3086        213 0.0000e+00
     20.134     20.000    22.5066    32.4717  1022.2445     7.3741     0.3003        219 0.0000e+00
     21.137     21.000    22.4316    32.5161  1022.3035     7.3643     0.2964        224 0.0000e+00
     22.142     22.000    22.2875    32.5585  1022.3804     7.2943     0.3049        230 0.0000e+00
     23.147     23.000    22.0635    32.6143  1022.4895     7.1881     0.3228        236 0.0000e+00
     24.151     24.000    21.8034    32.6890  1022.6224     7.1545     0.3161        243 0.0000e+00
     25.156     25.000    21.5692    32.7662  1022.7497     7.2593     0.3163        251 0.0000e+00
     26.163     26.000    21.3756    32.7962  1022.8297     7.4799     0.3229        258 0.0000e+00
     27.176     27.000    21.0730    32.7962  1022.9161     7.6906     0.3234        264 0.0000e+00
     28.184     28.000    20.6209    32.7691  1023.0208     7.9439     0.3401        269 0.0000e+00
     29.186     29.000    20.0914    32.9615  1023.3115     8.0636     0.3753        273 0.0000e+00
     30.181     30.000    19.7930    33.0371  1023.4511     7.9141     0.3989        280 0.0000e+00
     31.189     31.000    19.2351    33.0767  1023.6289     7.7173     0.3779        289 0.0000e+00
     32.202     32.000    18.5586    33.1155  1023.8332     7.4596     0.4278        296 0.0000e+00
     33.208     33.000    17.7984    33.2350  1024.1158     7.1783     0.5297        301 0.0000e+00
     34.210     34.000    17.3168    33.3934  1024.3574     6.7272     0.6740        307 0.0000e+00
     35.215     35.000    17.1077    33.4526  1024.4569     6.4778     0.7161        313 0.0000e+00
     36.222     36.000    16.9184    33.5046  1024.5459     6.4889     0.7793        319 0.0000e+00
     37.225     37.000    16.6842    33.5391  1024.6316     6.3756     0.7874        326 0.0000e+00
     38.227     38.000    16.3851    33.5831  1024.7391     6.0894     0.8637        334 0.0000e+00
     39.237     39.000    16.1735    33.6331  1024.8306     6.0087     1.0781        342 0.0000e+00
     40.242     40.000    16.0600    33.6679  1024.8877     6.0793     1.0781        348 0.0000e+00
     41.247     41.000    15.9198    33.6983  1024.9473     5.9903     1.0100        356 0.0000e+00
     42.254     42.000    15.7241    33.7328  1025.0225     5.8102     0.9238        363 0.0000e+00
     43.258     43.000    15.5985    33.7717  1025.0850     5.8291     0.9200        370 0.0000e+00
     44.261     44.000    15.5275    33.7644  1025.0997     5.9680     1.0595        379 0.0000e+00
     45.272     45.000    15.3449    33.7648  1025.1451     6.0431     1.0537        387 0.0000e+00
     46.277     46.000    15.2126    33.8607  1025.2526     6.0819     0.7968        393 0.0000e+00
     47.281     47.000    15.1879    33.9657  1025.3434     6.0038     0.5621        400 0.0000e+00
     48.284     48.000    15.2705    34.0401  1025.3869     5.7752     0.3292        408 0.0000e+00
     49.297     49.000    15.2633    34.0395  1025.3925     5.5723     0.2333        416 0.0000e+00
     50.304     50.000    15.1900    34.0393  1025.4130     5.5565     0.2100        422 0.0000e+00
     51.306     51.000    15.0437    34.0113  1025.4280     5.6159     0.2216        428 0.0000e+00
     52.311     52.000    14.8242    33.9865  1025.4613     5.8081     0.2869        435 0.0000e+00
     53.318     53.000    14.6528    34.0111  1025.5219     6.0097     0.2429        441 0.0000e+00
     54.325     54.000    14.5684    33.9916  1025.5295     6.1446     0.2678        448 0.0000e+00
     55.331     55.000    14.4309    33.9711  1025.5475     6.1764     0.2800        454 0.0000e+00
     56.336     56.000    14.3332    34.0011  1025.5959     6.2709     0.2838        460 0.0000e+00
     57.344     57.000    14.3041    34.0635  1025.6547     6.4014     0.2864        466 0.0000e+00
     58.349     58.000    14.3723    34.1390  1025.7030     6.3472     0.2810        472 0.0000e+00
     59.348     59.000    14.4392    34.1635  1025.7120     5.9913     0.2036        479 0.0000e+00
     60.363     60.000    14.5136    34.2179  1025.7425     5.7990     0.1556        487 0.0000e+00
     61.375     61.000    14.5787    34.2601  1025.7656     5.6883     0.1416        492 0.0000e+00
     62.376     62.000    14.6166    34.2488  1025.7531     5.5549     0.1184        496 0.0000e+00
     63.371     63.000    14.6220    34.2413  1025.7506     5.4130     0.1071        503 0.0000e+00
     64.382     64.000    14.6293    34.2439  1025.7555     5.4568     0.1162        512 0.0000e+00
     65.393     65.000    14.6286    34.2424  1025.7591     5.4649     0.1049        518 0.0000e+00
     66.398     66.000    14.6254    34.2400  1025.7623     5.4752     0.1121        523 0.0000e+00
     67.399     67.000    14.6303    34.2526  1025.7754     5.4735     0.1047        529 0.0000e+00
     68.406     68.000    14.6418    34.2529  1025.7777     5.4693     0.1036        535 0.0000e+00
     69.414     69.000    14.6448    34.2523  1025.7811     5.4409     0.1115        542 0.0000e+00
     70.419     70.000    14.6441    34.2525  1025.7857     5.4240     0.1059        547 0.0000e+00
     71.421     71.000    14.6455    34.2530  1025.7904     5.4324     0.1130        554 0.0000e+00
     72.427     72.000    14.6468    34.2533  1025.7948     5.4377     0.1146        561 0.0000e+00
     73.439     73.000    14.6478    34.2541  1025.7996     5.4475     0.1138        568 0.0000e+00
     74.448     74.000    14.6482    34.2539  1025.8039     5.4338     0.1041        573 0.0000e+00
     75.450     75.000    14.6479    34.2532  1025.8079     5.4183     0.0978        578 0.0000e+00
     76.448     76.000    14.6475    34.2538  1025.8128     5.4248     0.1007        585 0.0000e+00
     77.457     77.000    14.6489    34.2541  1025.8173     5.4139     0.1094        593 0.0000e+00
     78.468     78.000    14.6497    34.2545  1025.8219     5.4123     0.1184        599 0.0000e+00
     79.474     79.000    14.6495    34.2539  1025.8259     5.4088     0.1110        604 0.0000e+00
     80.478     80.000    14.6484    34.2535  1025.8304     5.4185     0.1085        610 0.0000e+00
     81.483     81.000    14.6475    34.2535  1025.8350     5.4256     0.1047        616 0.0000e+00
     82.486     82.000    14.6469    34.2532  1025.8394     5.4161     0.1136        623 0.0000e+00
     83.493     83.000    14.6463    34.2528  1025.8437     5.4274     0.1330        630 0.0000e+00
     84.503     84.000    14.6461    34.2536  1025.8487     5.4230     0.1127        636 0.0000e+00
     85.510     85.000    14.6468    34.2536  1025.8531     5.4276     0.1039        641 0.0000e+00
     86.513     86.000    14.6473    34.2534  1025.8573     5.4184     0.1081        647 0.0000e+00
     87.516     87.000    14.6458    34.2526  1025.8615     5.4291     0.1039        653 0.0000e+00
     88.521     88.000    14.6469    34.2541  1025.8668     5.4234     0.1127        661 0.0000e+00
     89.531     89.000    14.6482    34.2539  1025.8709     5.4076     0.1197        668 0.0000e+00
     90.542     90.000    14.6487    34.2547  1025.8758     5.4220     0.1104        673 0.0000e+00
     91.548     91.000    14.6493    34.2538  1025.8795     5.4196     0.1094        678 0.0000e+00
     92.547     92.000    14.6486    34.2541  1025.8843     5.4099     0.1111        684 0.0000e+00
     93.549     93.000    14.6487    34.2537  1025.8885     5.4167     0.1277        691 0.0000e+00
     94.560     94.000    14.6489    34.2543  1025.8933     5.4210     0.1053        699 0.0000e+00
     95.571     95.000    14.6497    34.2543  1025.8977     5.4009     0.0978        705 0.0000e+00
     96.577     96.000    14.6499    34.2547  1025.9024     5.3969     0.1069        710 0.0000e+00
     97.579     97.000    14.6502    34.2547  1025.9068     5.3980     0.1051        715 0.0000e+00
     98.581     98.000    14.6502    34.2544  1025.9110     5.3972     0.1109        721 0.0000e+00
     99.583     99.000    14.6502    34.2540  1025.9152     5.4033     0.1158        730 0.0000e+00
    100.597    100.000    14.6497    34.2540  1025.9198     5.4099     0.1207        739 0.0000e+00
    101.598    101.000    14.6513    34.2541  1025.9239     5.4114     0.1065        762 0.0000e+00
    102.594    102.000    14.6556    34.2555  1025.9285     5.3976     0.0934       1053 0.0000e+00
