Ori/ps_team/tsdiagram/t_s_diagram/20190704_05.cnv
* Sea-Bird SBE 19plus V2 Data File:
* FileName = D:\CTD Data\제주대학교 20190703\20190704_05.hex
* Software Version Seasave V 7.26.7.107
* Temperature SN = 7813
* Conductivity SN = 7813
* System UpLoad Time = Jul 04 2019 16:12:34
** Ship: ara
** Station: st.01
** Operator: jblee
# nquan = 9
# nvalues = 63                          
# units = specified
# name 0 = prdM: Pressure, Strain Gauge [db]
# name 1 = depSM: Depth [salt water, m], lat = 0.00
# name 2 = tv290C: Temperature [ITS-90, deg C]
# name 3 = sal00: Salinity, Practical [PSU]
# name 4 = density00: Density [density, kg/m^3]
# name 5 = sbeox0Mg/L: Oxygen, SBE 43 [mg/l]
# name 6 = flECO-AFL: Fluorescence, WET Labs ECO-AFL/FL [mg/m^3]
# name 7 = scan: Scan Count
# name 8 = flag: flag
# span 0 =      1.016,     64.349       
# span 1 =      1.000,     64.000       
# span 2 =    11.3346,    24.6703       
# span 3 =    30.4768,    33.3079       
# span 4 =  1020.1855,  1025.6791       
# span 5 =     6.2397,     8.8653       
# span 6 =     0.1838,     1.4335       
# span 7 =        205,        911       
# span 8 = 0.0000e+00, 0.0000e+00       
# interval = meters: 1                  
# start_time = Jul 04 2019 07:12:34 [System UTC, header]
# bad_flag = -9.990e-29
*END*
      1.016      1.000    24.6703    30.6838  1020.1855     7.0987     0.4820        205 0.0000e+00
      2.028      2.000    24.5433    30.6832  1020.2269     7.3388     0.1838        279 0.0000e+00
      3.036      3.000    24.3125    30.6399  1020.2664     7.3436     0.3704        280 0.0000e+00
      4.037      4.000    24.0973    30.6409  1020.3343     7.3294     0.3092        288 0.0000e+00
      5.045      5.000    23.9821    30.6090  1020.3481     7.3902     0.3665        295 0.0000e+00
      6.053      6.000    23.8111    30.5183  1020.3335     7.4095     0.4120        302 0.0000e+00
      7.057      7.000    23.4764    30.4768  1020.4027     7.4482     0.5249        308 0.0000e+00
      8.061      8.000    23.3435    30.5539  1020.5032     7.5589     0.6286        315 0.0000e+00
      9.069      9.000    23.3163    30.5871  1020.5406     7.5678     0.6686        322 0.0000e+00
     10.073     10.000    23.2733    30.6216  1020.5833     7.5413     0.7093        328 0.0000e+00
     11.078     11.000    23.1350    30.7301  1020.7090     7.5433     0.7224        335 0.0000e+00
     12.087     12.000    22.9111    30.8763  1020.8872     7.5729     0.7652        341 0.0000e+00
     13.089     13.000    22.3358    31.1989  1021.2966     7.6863     0.8271        348 0.0000e+00
     14.096     14.000    21.8738    31.4541  1021.6223     7.9106     0.8637        355 0.0000e+00
     15.103     15.000    21.7423    31.4799  1021.6822     7.9610     0.8370        361 0.0000e+00
     16.105     16.000    21.5545    31.5343  1021.7790     7.9470     0.8705        368 0.0000e+00
     17.113     17.000    21.4483    31.5620  1021.8332     7.9237     0.9247        375 0.0000e+00
     18.118     18.000    21.3887    31.5600  1021.8522     7.9450     0.9555        382 0.0000e+00
     19.123     19.000    21.3076    31.5515  1021.8721     7.9620     0.9979        389 0.0000e+00
     20.130     20.000    21.0866    31.5820  1021.9589     7.8891     1.0472        395 0.0000e+00
     21.134     21.000    20.7538    31.8060  1022.2224     7.8889     1.1605        402 0.0000e+00
     22.139     22.000    20.4650    31.9981  1022.4492     7.9697     1.2533        409 0.0000e+00
     23.145     23.000    20.2294    32.1302  1022.6160     8.0598     1.2407        416 0.0000e+00
     24.152     24.000    20.0115    32.2023  1022.7320     8.1595     1.1659        424 0.0000e+00
     25.157     25.000    19.7989    32.2409  1022.8209     8.2210     1.0469        430 0.0000e+00
     26.161     26.000    19.2537    32.2873  1022.9995     8.3201     1.0102        437 0.0000e+00
     27.167     27.000    18.0210    32.5905  1023.5416     8.4656     0.9792        445 0.0000e+00
     28.172     28.000    17.1631    32.7060  1023.8405     8.6954     1.0225        453 0.0000e+00
     29.179     29.000    16.8558    32.7183  1023.9265     8.8653     1.0160        460 0.0000e+00
     30.185     30.000    16.5345    32.7173  1024.0045     8.8640     1.0228        467 0.0000e+00
     31.193     31.000    16.2547    32.7552  1024.1021     8.8603     1.0455        474 0.0000e+00
     32.197     32.000    15.9111    32.7875  1024.2090     8.8217     0.9936        480 0.0000e+00
     33.201     33.000    15.4315    32.8333  1024.3553     8.7940     1.0338        488 0.0000e+00
     34.207     34.000    14.8241    32.9843  1024.6083     8.7308     1.0860        495 0.0000e+00
     35.214     35.000    14.2271    33.0076  1024.7575     8.5222     1.1361        502 0.0000e+00
     36.218     36.000    13.3357    32.8811  1024.8462     8.3288     1.3531        509 0.0000e+00
     37.224     37.000    12.0241    33.1067  1025.2814     7.4464     1.4335        517 0.0000e+00
     38.227     38.000    11.6149    33.2490  1025.4731     6.2824     0.9763        525 0.0000e+00
     39.235     39.000    11.4727    33.2847  1025.5316     6.2397     0.6483        533 0.0000e+00
     40.243     40.000    11.4390    33.2831  1025.5410     6.3447     0.5442        540 0.0000e+00
     41.244     41.000    11.3835    33.2960  1025.5658     6.3945     0.4816        548 0.0000e+00
     42.251     42.000    11.3651    33.3044  1025.5802     6.3326     0.3987        557 0.0000e+00
     43.262     43.000    11.3620    33.3079  1025.5880     6.3308     0.3968        564 0.0000e+00
     44.263     44.000    11.3627    33.3057  1025.5906     6.3067     0.3890        571 0.0000e+00
     45.268     45.000    11.3625    33.3043  1025.5941     6.3245     0.3842        580 0.0000e+00
     46.278     46.000    11.3602    33.3065  1025.6008     6.3332     0.3855        587 0.0000e+00
     47.286     47.000    11.3584    33.3071  1025.6062     6.3039     0.3885        593 0.0000e+00
     48.290     48.000    11.3579    33.3063  1025.6102     6.2761     0.3777        599 0.0000e+00
     49.292     49.000    11.3570    33.3046  1025.6135     6.2846     0.3894        606 0.0000e+00
     50.300     50.000    11.3557    33.3040  1025.6178     6.3039     0.3936        614 0.0000e+00
     51.309     51.000    11.3531    33.3037  1025.6226     6.2681     0.3998        620 0.0000e+00
     52.311     52.000    11.3518    33.3042  1025.6277     6.2715     0.4026        626 0.0000e+00
     53.314     53.000    11.3533    33.3017  1025.6301     6.2852     0.4123        634 0.0000e+00
     54.321     54.000    11.3501    33.3009  1025.6345     6.2735     0.3962        641 0.0000e+00
     55.323     55.000    11.3493    33.3004  1025.6388     6.2783     0.3946        650 0.0000e+00
     56.333     56.000    11.3472    33.2997  1025.6432     6.2871     0.4014        659 0.0000e+00
     57.337     57.000    11.3457    33.2996  1025.6479     6.2909     0.3965        667 0.0000e+00
     58.340     58.000    11.3451    33.2983  1025.6516     6.2706     0.4106        676 0.0000e+00
     59.343     59.000    11.3401    33.2953  1025.6546     6.2743     0.3986        688 0.0000e+00
     61.360     61.000    11.3352    33.2768  1024.9845     6.2623     0.4136        778 0.0000e+00
     62.364     62.000    11.3404    33.2967  1025.6693     6.2615     0.4159        788 0.0000e+00
     63.366     63.000    11.3359    33.2953  1025.6735     6.2621     0.4225        830 0.0000e+00
     64.349     64.000    11.3346    33.2964  1025.6791     6.2765     0.4111        911 0.0000e+00
