Ori/ps_team/tsdiagram/t_s_diagram/20190703_01.cnv
* Sea-Bird SBE 19plus V2 Data File:
* FileName = D:\CTD Data\제주대학교 20190703\20190703_01.hex
* Software Version Seasave V 7.26.7.107
* Temperature SN = 7813
* Conductivity SN = 7813
* System UpLoad Time = Jul 03 2019 18:25:26
** Ship: ara
** Station: 5
** Operator: jblee
# nquan = 9
# nvalues = 125                         
# units = specified
# name 0 = prdM: Pressure, Strain Gauge [db]
# name 1 = depSM: Depth [salt water, m], lat = 0.00
# name 2 = tv290C: Temperature [ITS-90, deg C]
# name 3 = sal00: Salinity, Practical [PSU]
# name 4 = density00: Density [density, kg/m^3]
# name 5 = sbeox0Mg/L: Oxygen, SBE 43 [mg/l]
# name 6 = flECO-AFL: Fluorescence, WET Labs ECO-AFL/FL [mg/m^3]
# name 7 = scan: Scan Count
# name 8 = flag: flag
# span 0 =      1.019,    125.702       
# span 1 =      1.000,    125.000       
# span 2 =    15.1606,    23.0869       
# span 3 =    32.3910,    34.3702       
# span 4 =  1021.9452,  1026.0068       
# span 5 =     4.2899,     8.0474       
# span 6 =     0.1037,     1.0474       
# span 7 =        998,       2055       
# span 8 = 0.0000e+00, 0.0000e+00       
# interval = meters: 1                  
# start_time = Jul 03 2019 09:25:26 [System UTC, header]
# bad_flag = -9.990e-29
*END*     
      1.019      1.000    23.0545    32.3910  1021.9452     5.1367     0.1946        998 0.0000e+00
      2.028      2.000    23.0626    32.4285  1021.9756     5.2811     0.2144       1006 0.0000e+00
      3.037      3.000    23.0705    32.4577  1021.9999     5.2938     0.2172       1012 0.0000e+00
      4.042      4.000    23.0814    32.4878  1022.0239     5.0311     0.2109       1018 0.0000e+00
      5.045      5.000    23.0852    32.5105  1022.0444     4.7033     0.2792       1024 0.0000e+00
      6.051      6.000    23.0869    32.5340  1022.0660     4.4159     0.4581       1031 0.0000e+00
      7.058      7.000    23.0846    32.5383  1022.0744     4.2899     0.5628       1038 0.0000e+00
      8.062      8.000    22.5766    32.7106  1022.3532     5.5943     0.6793       1044 0.0000e+00
      9.069      9.000    22.2381    32.8400  1022.5508     8.0474     0.6385       1051 0.0000e+00
     10.075     10.000    21.8621    32.8856  1022.6942     7.4706     0.5417       1057 0.0000e+00
     11.080     11.000    21.6051    33.0003  1022.8564     7.2150     0.6965       1063 0.0000e+00
     12.086     12.000    21.4361    33.0356  1022.9337     7.2428     0.6967       1069 0.0000e+00
     13.090     13.000    21.2213    33.0740  1023.0256     7.2518     0.6937       1076 0.0000e+00
     14.096     14.000    20.9175    33.1357  1023.1590     7.3043     0.7725       1082 0.0000e+00
     15.103     15.000    20.7256    33.2038  1023.2667     7.2941     0.9070       1089 0.0000e+00
     16.109     16.000    20.6311    33.2222  1023.3103     7.3237     0.9435       1095 0.0000e+00
     17.114     17.000    20.3888    33.1650  1023.3353     7.3399     1.0027       1101 0.0000e+00
     18.120     18.000    19.8036    33.3124  1023.6053     7.2641     1.0474       1107 0.0000e+00
     19.126     19.000    19.3873    33.3899  1023.7762     7.2177     1.0273       1113 0.0000e+00
     20.129     20.000    18.9965    33.5132  1023.9744     7.1620     0.9006       1120 0.0000e+00
     21.135     21.000    18.7804    33.5878  1024.0903     7.0790     0.7977       1126 0.0000e+00
     22.141     22.000    18.6142    33.5997  1024.1455     7.0423     0.7217       1133 0.0000e+00
     23.146     23.000    18.3865    33.6690  1024.2595     6.9855     0.6766       1139 0.0000e+00
     24.154     24.000    18.2709    33.7056  1024.3206     6.9342     0.6615       1146 0.0000e+00
     25.159     25.000    18.2161    33.7255  1024.3538     6.9076     0.6378       1152 0.0000e+00
     26.164     26.000    18.1789    33.7290  1024.3701     6.8912     0.5956       1158 0.0000e+00
     27.169     27.000    18.1268    33.7385  1024.3945     6.8705     0.5916       1165 0.0000e+00
     28.175     28.000    18.0956    33.7510  1024.4162     6.8280     0.5824       1171 0.0000e+00
     29.182     29.000    18.0829    33.7515  1024.4241     6.8310     0.5724       1178 0.0000e+00
     30.187     30.000    18.0673    33.7562  1024.4360     6.7907     0.5717       1184 0.0000e+00
     31.191     31.000    18.0615    33.7579  1024.4431     6.8216     0.5434       1190 0.0000e+00
     32.199     32.000    18.0572    33.7579  1024.4485     6.8424     0.5332       1197 0.0000e+00
     33.205     33.000    18.0448    33.7501  1024.4501     6.7914     0.5353       1203 0.0000e+00
     34.210     34.000    18.0063    33.7642  1024.4747     6.7811     0.5324       1209 0.0000e+00
     35.213     35.000    17.9877    33.7716  1024.4893     6.7655     0.5285       1216 0.0000e+00
     36.221     36.000    17.9705    33.7716  1024.4980     6.7755     0.4927       1223 0.0000e+00
     37.226     37.000    17.9372    33.7690  1024.5086     6.7598     0.4935       1229 0.0000e+00
     38.231     38.000    17.8370    33.7775  1024.5439     6.7248     0.4921       1236 0.0000e+00
     39.235     39.000    17.7496    33.8121  1024.5961     6.6547     0.4999       1243 0.0000e+00
     40.239     40.000    17.7216    33.8170  1024.6111     6.6173     0.4718       1251 0.0000e+00
     41.248     41.000    17.6706    33.8137  1024.6253     6.6244     0.4549       1259 0.0000e+00
     42.252     42.000    17.6105    33.8325  1024.6588     6.5769     0.4416       1266 0.0000e+00
     43.257     43.000    17.5721    33.8356  1024.6749     6.5851     0.4458       1274 0.0000e+00
     44.266     44.000    17.5033    33.8171  1024.6818     6.5419     0.4719       1282 0.0000e+00
     45.270     45.000    16.9412    33.8360  1024.8346     6.3887     0.4359       1289 0.0000e+00
     46.275     46.000    16.7976    33.8561  1024.8883     6.2091     0.4204       1296 0.0000e+00
     47.280     47.000    16.7384    33.8565  1024.9070     6.2484     0.3949       1304 0.0000e+00
     48.286     48.000    16.6894    33.8561  1024.9225     6.2313     0.3884       1312 0.0000e+00
     49.297     49.000    16.6599    33.8629  1024.9391     6.1976     0.3881       1319 0.0000e+00
     50.302     50.000    16.6441    33.8692  1024.9521     6.2093     0.3781       1325 0.0000e+00
     51.306     51.000    16.6123    33.8588  1024.9560     6.1947     0.3907       1332 0.0000e+00
     52.312     52.000    16.5066    33.8632  1024.9883     6.1862     0.3820       1339 0.0000e+00
     53.317     53.000    16.4496    33.8748  1025.0149     6.1179     0.3669       1345 0.0000e+00
     54.324     54.000    16.3903    33.8572  1025.0196     6.0850     0.3758       1352 0.0000e+00
     55.329     55.000    16.3390    33.8758  1025.0502     6.0416     0.3724       1359 0.0000e+00
     56.335     56.000    16.3125    33.8884  1025.0704     6.0447     0.3642       1365 0.0000e+00
     57.342     57.000    16.3113    33.9034  1025.0867     6.0615     0.3531       1372 0.0000e+00
     58.347     58.000    16.3219    33.9190  1025.1006     6.0683     0.3391       1378 0.0000e+00
     59.352     59.000    16.3475    33.9444  1025.1186     6.0963     0.3329       1385 0.0000e+00
     60.360     60.000    16.3718    33.9766  1025.1423     6.1768     0.3101       1392 0.0000e+00
     61.364     61.000    16.2498    33.9975  1025.1908     6.1819     0.2801       1398 0.0000e+00
     62.369     62.000    16.1125    34.0431  1025.2619     6.1449     0.2821       1405 0.0000e+00
     63.379     63.000    16.0641    34.0414  1025.2760     6.1790     0.2839       1412 0.0000e+00
     64.383     64.000    15.9697    34.0864  1025.3367     6.1572     0.2961       1417 0.0000e+00
     65.386     65.000    15.9168    34.1526  1025.4041     6.0755     0.2769       1424 0.0000e+00
     66.394     66.000    15.9020    34.1865  1025.4380     6.0315     0.2266       1431 0.0000e+00
     67.401     67.000    15.8008    34.1813  1025.4615     5.8866     0.1741       1437 0.0000e+00
     68.405     68.000    15.6739    34.2222  1025.5261     5.6746     0.1443       1444 0.0000e+00
     69.411     69.000    15.5920    34.2474  1025.5683     5.6513     0.1348       1450 0.0000e+00
     70.417     70.000    15.5351    34.2726  1025.6049     5.6460     0.1279       1457 0.0000e+00
     71.424     71.000    15.5284    34.2743  1025.6123     5.6269     0.1211       1463 0.0000e+00
     72.431     72.000    15.5145    34.2760  1025.6211     5.6531     0.1215       1469 0.0000e+00
     73.434     73.000    15.5057    34.2778  1025.6289     5.6491     0.1166       1475 0.0000e+00
     74.439     74.000    15.4973    34.2796  1025.6366     5.6342     0.1214       1482 0.0000e+00
     75.448     75.000    15.4911    34.2797  1025.6426     5.6472     0.1037       1489 0.0000e+00
     76.455     76.000    15.4892    34.2814  1025.6489     5.6320     0.1253       1495 0.0000e+00
     77.458     77.000    15.4564    34.2640  1025.6471     5.6152     0.1167       1501 0.0000e+00
     78.463     78.000    15.3786    34.2822  1025.6830     5.5800     0.1103       1508 0.0000e+00
     79.472     79.000    15.3107    34.2980  1025.7148     5.5371     0.1039       1514 0.0000e+00
     80.476     80.000    15.2845    34.3122  1025.7359     5.4924     0.1111       1521 0.0000e+00
     81.483     81.000    15.2713    34.3113  1025.7426     5.4753     0.1229       1527 0.0000e+00
     82.489     82.000    15.2532    34.3154  1025.7543     5.4638     0.1222       1533 0.0000e+00
     83.494     83.000    15.2363    34.3209  1025.7668     5.4588     0.1116       1540 0.0000e+00
     84.500     84.000    15.2217    34.3256  1025.7781     5.4770     0.1207       1547 0.0000e+00
     85.506     85.000    15.1934    34.3353  1025.7963     5.4777     0.1183       1553 0.0000e+00
     86.511     86.000    15.1742    34.3476  1025.8144     5.4513     0.1150       1559 0.0000e+00
     87.519     87.000    15.1679    34.3503  1025.8225     5.4432     0.1308       1566 0.0000e+00
     88.524     88.000    15.1657    34.3526  1025.8291     5.4673     0.1226       1572 0.0000e+00
     89.529     89.000    15.1664    34.3550  1025.8352     5.4535     0.1229       1579 0.0000e+00
     90.536     90.000    15.1644    34.3575  1025.8421     5.4700     0.1159       1585 0.0000e+00
     91.542     91.000    15.1650    34.3574  1025.8463     5.4705     0.1236       1591 0.0000e+00
     92.547     92.000    15.1637    34.3587  1025.8520     5.4777     0.1168       1598 0.0000e+00
     93.554     93.000    15.1621    34.3623  1025.8597     5.4650     0.1240       1605 0.0000e+00
     94.562     94.000    15.1609    34.3655  1025.8668     5.4742     0.1127       1610 0.0000e+00
     95.565     95.000    15.1606    34.3653  1025.8712     5.5012     0.1246       1617 0.0000e+00
     96.570     96.000    15.1606    34.3648  1025.8754     5.5064     0.1220       1623 0.0000e+00
     97.577     97.000    15.1606    34.3649  1025.8799     5.4874     0.1205       1630 0.0000e+00
     98.584     98.000    15.1606    34.3650  1025.8844     5.4767     0.1268       1636 0.0000e+00
     99.591     99.000    15.1608    34.3666  1025.8900     5.4834     0.1213       1643 0.0000e+00
    100.597    100.000    15.1611    34.3680  1025.8954     5.4784     0.1310       1648 0.0000e+00
    101.600    101.000    15.1611    34.3683  1025.9002     5.4934     0.1168       1655 0.0000e+00
    102.606    102.000    15.1611    34.3679  1025.9043     5.4953     0.1296       1662 0.0000e+00
    103.616    103.000    15.1612    34.3682  1025.9090     5.4918     0.1206       1668 0.0000e+00
    104.621    104.000    15.1614    34.3685  1025.9135     5.4805     0.1219       1674 0.0000e+00
    105.625    105.000    15.1615    34.3687  1025.9182     5.4712     0.1230       1681 0.0000e+00
    106.631    106.000    15.1615    34.3690  1025.9228     5.4870     0.1223       1687 0.0000e+00
    107.638    107.000    15.1617    34.3688  1025.9271     5.5023     0.1187       1694 0.0000e+00
    108.645    108.000    15.1617    34.3691  1025.9319     5.4992     0.1285       1700 0.0000e+00
    109.651    109.000    15.1619    34.3689  1025.9361     5.5094     0.1282       1706 0.0000e+00
    110.656    110.000    15.1616    34.3693  1025.9409     5.5007     0.1155       1713 0.0000e+00
    111.661    111.000    15.1614    34.3694  1025.9455     5.4810     0.1254       1719 0.0000e+00
    112.669    112.000    15.1617    34.3692  1025.9498     5.4994     0.1269       1726 0.0000e+00
    113.676    113.000    15.1618    34.3694  1025.9544     5.5012     0.1224       1732 0.0000e+00
    114.676    114.000    15.1617    34.3694  1025.9588     5.4925     0.1099       1739 0.0000e+00
    115.681    115.000    15.1620    34.3692  1025.9630     5.5013     0.1245       1748 0.0000e+00
    116.687    116.000    15.1621    34.3693  1025.9676     5.4815     0.1241       1757 0.0000e+00
    117.695    117.000    15.1621    34.3695  1025.9721     5.4915     0.1211       1766 0.0000e+00
    118.698    118.000    15.1619    34.3699  1025.9769     5.5065     0.1286       1775 0.0000e+00
    119.705    119.000    15.1619    34.3702  1025.9816     5.5107     0.1389       1785 0.0000e+00
    120.712    120.000    15.1619    34.3700  1025.9860     5.4979     0.1405       1794 0.0000e+00
    121.715    121.000    15.1621    34.3701  1025.9904     5.4921     0.1237       1803 0.0000e+00
    122.721    122.000    15.1623    34.3702  1025.9948     5.5002     0.1165       1815 0.0000e+00
    123.727    123.000    15.1624    34.3702  1025.9993     5.4814     0.1283       1826 0.0000e+00
    124.731    124.000    15.1623    34.3702  1026.0038     5.5057     0.1205       1839 0.0000e+00
    125.702    125.000    15.1649    34.3694  1026.0068     5.4948     0.1306       2055 0.0000e+00
