Ori/ps_team/tsdiagram/t_s_diagram/20190706_16.cnv
* Sea-Bird SBE 19plus V2 Data File:
* FileName = D:\CTD Data\제주대학교 20190703\20190706_16.hex
* Software Version Seasave V 7.26.7.107
* Temperature SN = 7813
* Conductivity SN = 7813
* System UpLoad Time = Jul 06 2019 06:06:40
** Ship: ara
** Station: st.16
** Operator: jblee
# nquan = 9
# nvalues = 68                          
# units = specified
# name 0 = prdM: Pressure, Strain Gauge [db]
# name 1 = depSM: Depth [salt water, m], lat = 0.00
# name 2 = tv290C: Temperature [ITS-90, deg C]
# name 3 = sal00: Salinity, Practical [PSU]
# name 4 = density00: Density [density, kg/m^3]
# name 5 = sbeox0Mg/L: Oxygen, SBE 43 [mg/l]
# name 6 = flECO-AFL: Fluorescence, WET Labs ECO-AFL/FL [mg/m^3]
# name 7 = scan: Scan Count
# name 8 = flag: flag
# span 0 =      1.026,     68.395       
# span 1 =      1.000,     68.000       
# span 2 =    12.4980,    22.8062       
# span 3 =    31.7786,    33.2609       
# span 4 =  1021.5638,  1025.4441       
# span 5 =     5.1549,     9.1180       
# span 6 =     0.1560,     0.9936       
# span 7 =        109,        954       
# span 8 = 0.0000e+00, 0.0000e+00       
# interval = meters: 1                  
# start_time = Jul 05 2019 21:06:40 [System UTC, header]
# bad_flag = -9.990e-29
*END*
      1.026      1.000    22.7870    31.8003  1021.5737     6.6896     0.2834        109 0.0000e+00
      2.031      2.000    22.7793    31.7786  1021.5638     5.9298     0.3504        206 0.0000e+00
      3.048      3.000    22.7647    31.8453  1021.6228     5.4625     0.3528        314 0.0000e+00
      4.055      4.000    22.7620    31.8308  1021.6170     5.2236     0.3707        312 0.0000e+00
      5.044      5.000    22.7644    31.8375  1021.6257     5.2971     0.3634        317 0.0000e+00
      6.045      6.000    22.7760    31.8636  1021.6466     5.6110     0.3651        327 0.0000e+00
      7.066      7.000    22.7897    31.8400  1021.6292     5.3802     0.3703        334 0.0000e+00
      8.075      8.000    22.7800    31.8633  1021.6540     5.5327     0.3857        338 0.0000e+00
      9.071      9.000    22.7981    31.9642  1021.7297     6.3723     0.3777        343 0.0000e+00
     10.067     10.000    22.8062    31.9696  1021.7358     7.4512     0.3687        351 0.0000e+00
     11.083     11.000    22.8020    31.9603  1021.7344     7.0409     0.3743        359 0.0000e+00
     12.091     12.000    22.7285    31.9286  1021.7355     7.0031     0.3643        364 0.0000e+00
     13.095     13.000    22.6249    31.9393  1021.7771     7.0185     0.3607        369 0.0000e+00
     14.098     14.000    22.5256    31.9822  1021.8419     7.0553     0.3526        375 0.0000e+00
     15.100     15.000    22.4553    32.1494  1021.9927     7.1086     0.3474        382 0.0000e+00
     16.105     16.000    22.2862    32.5015  1022.3112     7.1589     0.3518        389 0.0000e+00
     17.113     17.000    22.0857    32.7946  1022.5938     7.2695     0.3559        396 0.0000e+00
     18.121     18.000    21.9665    32.8929  1022.7059     7.2714     0.3592        402 0.0000e+00
     19.129     19.000    21.8072    32.9962  1022.8326     7.2560     0.3365        408 0.0000e+00
     20.134     20.000    21.7175    32.9734  1022.8445     7.2340     0.3157        413 0.0000e+00
     21.136     21.000    20.9225    32.3388  1022.5807     7.3221     0.3261        419 0.0000e+00
     22.136     22.000    18.7905    32.4825  1023.2471     8.2803     0.4207        426 0.0000e+00
     23.148     23.000    18.3281    32.6769  1023.5155     9.1180     0.6200        435 0.0000e+00
     24.159     24.000    18.2662    32.6452  1023.5108     8.7993     0.8596        440 0.0000e+00
     25.165     25.000    18.0608    32.5151  1023.4660     8.6497     0.8410        445 0.0000e+00
     26.167     26.000    17.5992    32.6444  1023.6808     8.4931     0.8768        450 0.0000e+00
     27.167     27.000    17.1567    32.7264  1023.8530     8.2681     0.9232        456 0.0000e+00
     28.171     28.000    16.3047    32.6507  1023.9968     7.7854     0.9642        465 0.0000e+00
     29.183     29.000    15.6206    32.6841  1024.1812     7.4846     0.9600        472 0.0000e+00
     30.195     30.000    15.2439    32.6013  1024.2047     7.3461     0.9637        477 0.0000e+00
     31.196     31.000    14.7373    32.5457  1024.2756     7.2136     0.9110        482 0.0000e+00
     32.195     32.000    14.1510    32.6116  1024.4543     6.9283     0.8777        488 0.0000e+00
     33.205     33.000    13.6029    32.6438  1024.5963     6.7092     0.9032        495 0.0000e+00
     34.210     34.000    13.2061    32.7830  1024.7882     6.4823     0.9936        501 0.0000e+00
     35.210     35.000    12.8091    32.9626  1025.0102     6.1526     0.9434        509 0.0000e+00
     36.226     36.000    12.5472    33.0977  1025.1705     5.8078     0.7019        517 0.0000e+00
     37.240     37.000    12.5481    33.1417  1025.2089     5.3981     0.3774        521 0.0000e+00
     38.237     38.000    12.5368    33.1870  1025.2507     5.1549     0.3217        525 0.0000e+00
     39.231     39.000    12.5196    33.2096  1025.2759     5.4070     0.2290        535 0.0000e+00
     40.245     40.000    12.4980    33.2357  1025.3049     5.6641     0.1560        546 0.0000e+00
     41.257     41.000    12.5006    33.2433  1025.3148     5.7511     0.1609        551 0.0000e+00
     42.262     42.000    12.5037    33.2459  1025.3207     5.7785     0.1595        556 0.0000e+00
     43.255     43.000    12.5086    33.2472  1025.3253     5.7714     0.1633        561 0.0000e+00
     44.263     44.000    12.5112    33.2487  1025.3304     5.7360     0.1573        576 0.0000e+00
     45.278     45.000    12.5140    33.2487  1025.3345     5.7279     0.1677        582 0.0000e+00
     46.284     46.000    12.5154    33.2488  1025.3388     5.7468     0.1853        587 0.0000e+00
     47.283     47.000    12.5170    33.2506  1025.3444     5.7581     0.1579        593 0.0000e+00
     48.285     48.000    12.5223    33.2527  1025.3495     5.7252     0.1607        601 0.0000e+00
     49.291     49.000    12.5230    33.2516  1025.3530     5.7654     0.1794        610 0.0000e+00
     50.300     50.000    12.5233    33.2515  1025.3573     5.7514     0.1774        617 0.0000e+00
     51.308     51.000    12.5242    33.2542  1025.3638     5.7515     0.1758        624 0.0000e+00
     52.318     52.000    12.5287    33.2550  1025.3681     5.7375     0.1910        630 0.0000e+00
     53.328     53.000    12.5301    33.2538  1025.3714     5.7533     0.1814        634 0.0000e+00
     54.329     54.000    12.5311    33.2554  1025.3769     5.7485     0.1814        639 0.0000e+00
     55.322     55.000    12.5333    33.2555  1025.3811     5.7675     0.1878        646 0.0000e+00
     56.335     56.000    12.5324    33.2550  1025.3854     5.7545     0.1918        658 0.0000e+00
     57.353     57.000    12.5324    33.2575  1025.3918     5.7556     0.1840        663 0.0000e+00
     58.362     58.000    12.5334    33.2571  1025.3959     5.7420     0.2001        666 0.0000e+00
     59.362     59.000    12.5342    33.2574  1025.4004     5.7367     0.2137        670 0.0000e+00
     60.352     60.000    12.5370    33.2578  1025.4047     5.7483     0.2087        677 0.0000e+00
     61.365     61.000    12.5367    33.2554  1025.4074     5.7723     0.2128        688 0.0000e+00
     62.377     62.000    12.5339    33.2577  1025.4142     5.7600     0.2020        694 0.0000e+00
     63.377     63.000    12.5349    33.2580  1025.4189     5.7594     0.2217        699 0.0000e+00
     64.372     64.000    12.5379    33.2609  1025.4250     5.7647     0.2300        707 0.0000e+00
     65.383     65.000    12.5402    33.2547  1025.4243     5.7662     0.2248        725 0.0000e+00
     66.389     66.000    12.5329    33.2586  1025.4332     5.7656     0.2407        734 0.0000e+00
     67.391     67.000    12.5314    33.2589  1025.4382     5.7655     0.2570        785 0.0000e+00
     68.395     68.000    12.5257    33.2592  1025.4441     5.7657     0.2537        954 0.0000e+00
