Ori/ps_team/tsdiagram/20190703_01_h.cnv
* Sea-Bird SBE 19plus V2 Data File:
* FileName = D:\CTD Data\제주대학교 20190703\20190703_01.hex
* Software Version Seasave V 7.26.7.107
* Temperature SN = 7813
* Conductivity SN = 7813
* System UpLoad Time = Jul 03 2019 18:25:26
** Ship: ara
** Station: 5
** Operator: jblee
# nquan = 9
# nvalues = 3380                        
# units = specified
# name 0 = prdM: Pressure, Strain Gauge [db]
# name 1 = depSM: Depth [salt water, m], lat = 0.00
# name 2 = tv290C: Temperature [ITS-90, deg C]
# name 3 = sal00: Salinity, Practical [PSU]
# name 4 = density00: Density [density, kg/m^3]
# name 5 = sbeox0Mg/L: Oxygen, SBE 43 [mg/l]
# name 6 = flECO-AFL: Fluorescence, WET Labs ECO-AFL/FL [mg/m^3]
# name 7 = scan: Scan Count
# name 8 = flag:  0.000e+00
# span 0 =     -0.154,    125.526       
# span 1 =     -0.153,    124.801       
# span 2 =    15.1579,    23.5127       
# span 3 =     0.0113,    34.3704       
# span 4 =   997.4254,  1026.0065       
# span 5 =     4.2775,     8.4997       
# span 6 =    -0.5961,     1.2474       
# span 7 =          1,       3380       
# span 8 = 0.0000e+00, 0.0000e+00       
# interval = seconds: 0.25
# start_time = Jul 03 2019 09:25:26 [System UTC, header]
# bad_flag = -9.990e-29
*END*     
[from data line 481]
     75.238     74.793    15.4934    34.2781  1025.6398     5.6443     0.0988       1488 0.0000e+00
     75.401     74.954    15.4916    34.2783  1025.6412     5.6473     0.0970       1489 0.0000e+00
     75.570     75.121    15.4896    34.2796  1025.6434     5.6505     0.1002       1490 0.0000e+00
     75.742     75.292    15.4882    34.2808  1025.6454     5.6522     0.1063       1491 0.0000e+00
     75.920     75.468    15.4878    34.2819  1025.6472     5.6502     0.1102       1492 0.0000e+00
     76.102     75.648    15.4881    34.2826  1025.6484     5.6452     0.1117       1493 0.0000e+00
     76.285     75.830    15.4887    34.2826  1025.6491     5.6400     0.1173       1494 0.0000e+00
     76.465     76.010    15.4894    34.2820  1025.6493     5.6325     0.1281       1495 0.0000e+00
     76.642     76.187    15.4899    34.2809  1025.6491     5.6239     0.1348       1496 0.0000e+00
     76.817     76.361    15.4898    34.2792  1025.6486     5.6178     0.1354       1497 0.0000e+00
     76.988     76.531    15.4888    34.2747  1025.6460     5.6138     0.1335       1498 0.0000e+00
     77.153     76.696    15.4853    34.2646  1025.6397     5.6129     0.1259       1499 0.0000e+00
     77.312     76.855    15.4765    34.2551  1025.6351     5.6147     0.1143       1500 0.0000e+00
     77.466     77.008    15.4614    34.2539  1025.6383     5.6170     0.1082       1501 0.0000e+00
     77.613     77.155    15.4437    34.2593  1025.6470     5.6181     0.1095       1502 0.0000e+00
     77.758     77.299    15.4270    34.2667  1025.6571     5.6173     0.1127       1503 0.0000e+00
     77.901     77.442    15.4128    34.2741  1025.6666     5.6129     0.1132       1504 0.0000e+00
     78.044     77.583    15.4017    34.2802  1025.6745     5.6043     0.1119       1505 0.0000e+00
     78.185     77.724    15.3932    34.2842  1025.6802     5.5954     0.1111       1506 0.0000e+00
     78.325     77.864    15.3865    34.2852  1025.6829     5.5879     0.1109       1507 0.0000e+00
     78.466     78.004    15.3800    34.2839  1025.6840     5.5795     0.1108       1508 0.0000e+00
     78.612     78.148    15.3721    34.2819  1025.6849     5.5709     0.1098       1509 0.0000e+00
     78.762     78.296    15.3620    34.2805  1025.6867     5.5632     0.1093       1510 0.0000e+00
     78.917     78.450    15.3496    34.2809  1025.6904     5.5562     0.1079       1511 0.0000e+00
     79.076     78.607    15.3359    34.2846  1025.6971     5.5505     0.1036       1512 0.0000e+00
     79.236     78.766    15.3224    34.2913  1025.7060     5.5467     0.1009       1513 0.0000e+00
     79.397     78.926    15.3113    34.2973  1025.7138     5.5420     0.1005       1514 0.0000e+00
     79.560     79.087    15.3028    34.3017  1025.7197     5.5349     0.1019       1515 0.0000e+00
     79.725     79.251    15.2964    34.3054  1025.7247     5.5270     0.1063       1516 0.0000e+00
     79.889     79.416    15.2916    34.3087  1025.7291     5.5190     0.1098       1517 0.0000e+00
     80.050     79.576    15.2885    34.3113  1025.7324     5.5110     0.1106       1518 0.0000e+00
     80.209     79.735    15.2868    34.3126  1025.7346     5.5041     0.1100       1519 0.0000e+00
     80.368     79.892    15.2858    34.3129  1025.7356     5.4961     0.1106       1520 0.0000e+00
     80.524     80.047    15.2852    34.3119  1025.7357     5.4880     0.1122       1521 0.0000e+00
     80.680     80.202    15.2838    34.3108  1025.7359     5.4834     0.1115       1522 0.0000e+00
     80.837     80.359    15.2817    34.3110  1025.7373     5.4803     0.1103       1523 0.0000e+00
     80.995     80.515    15.2795    34.3121  1025.7393     5.4774     0.1151       1524 0.0000e+00
     81.150     80.669    15.2775    34.3122  1025.7405     5.4762     0.1227       1525 0.0000e+00
     81.305     80.824    15.2755    34.3113  1025.7409     5.4770     0.1248       1526 0.0000e+00
     81.465     80.983    15.2730    34.3102  1025.7414     5.4777     0.1238       1527 0.0000e+00
     81.625     81.142    15.2695    34.3095  1025.7423     5.4766     0.1247       1528 0.0000e+00
     81.783     81.299    15.2651    34.3105  1025.7447     5.4737     0.1249       1529 0.0000e+00
     81.941     81.455    15.2608    34.3131  1025.7484     5.4703     0.1233       1530 0.0000e+00
     82.101     81.614    15.2578    34.3154  1025.7516     5.4684     0.1230       1531 0.0000e+00
     82.261     81.774    15.2558    34.3161  1025.7533     5.4679     0.1233       1532 0.0000e+00
     82.423     81.934    15.2544    34.3155  1025.7539     5.4669     0.1221       1533 0.0000e+00
     82.585     82.095    15.2526    34.3149  1025.7544     5.4642     0.1218       1534 0.0000e+00
     82.746     82.256    15.2500    34.3149  1025.7558     5.4597     0.1227       1535 0.0000e+00
     82.905     82.414    15.2470    34.3160  1025.7579     5.4544     0.1203       1536 0.0000e+00
     83.062     82.570    15.2441    34.3174  1025.7603     5.4507     0.1145       1537 0.0000e+00
     83.216     82.724    15.2415    34.3181  1025.7623     5.4499     0.1116       1538 0.0000e+00
     83.370     82.877    15.2386    34.3187  1025.7640     5.4517     0.1109       1539 0.0000e+00
     83.520     83.026    15.2353    34.3204  1025.7667     5.4562     0.1100       1540 0.0000e+00
     83.666     83.172    15.2324    34.3226  1025.7697     5.4616     0.1101       1541 0.0000e+00
     83.812     83.317    15.2305    34.3244  1025.7722     5.4675     0.1112       1542 0.0000e+00
     83.958     83.462    15.2293    34.3255  1025.7739     5.4736     0.1112       1543 0.0000e+00
     84.106     83.609    15.2286    34.3250  1025.7744     5.4776     0.1114       1544 0.0000e+00
     84.256     83.758    15.2273    34.3235  1025.7742     5.4789     0.1166       1545 0.0000e+00
     84.406     83.907    15.2246    34.3230  1025.7750     5.4786     0.1232       1546 0.0000e+00
     84.561     84.060    15.2205    34.3252  1025.7782     5.4769     0.1258       1547 0.0000e+00
     84.716     84.215    15.2165    34.3283  1025.7822     5.4745     0.1250       1548 0.0000e+00
     84.872     84.370    15.2137    34.3283  1025.7835     5.4739     0.1215       1549 0.0000e+00
     85.032     84.528    15.2103    34.3266  1025.7837     5.4766     0.1162       1550 0.0000e+00
     85.195     84.689    15.2044    34.3279  1025.7868     5.4799     0.1121       1551 0.0000e+00
     85.359     84.853    15.1971    34.3321  1025.7924     5.4815     0.1122       1552 0.0000e+00
     85.523     85.016    15.1906    34.3365  1025.7979     5.4812     0.1172       1553 0.0000e+00
     85.685     85.178    15.1860    34.3399  1025.8022     5.4790     0.1227       1554 0.0000e+00
     85.846     85.338    15.1826    34.3419  1025.8052     5.4754     0.1241       1555 0.0000e+00
     86.005     85.497    15.1797    34.3435  1025.8078     5.4703     0.1234       1556 0.0000e+00
     86.161     85.652    15.1772    34.3453  1025.8104     5.4629     0.1194       1557 0.0000e+00
     86.314     85.804    15.1752    34.3469  1025.8128     5.4546     0.1141       1558 0.0000e+00
     86.465     85.954    15.1738    34.3480  1025.8146     5.4502     0.1134       1559 0.0000e+00
     86.616     86.104    15.1728    34.3487  1025.8160     5.4486     0.1136       1560 0.0000e+00
     86.769     86.256    15.1718    34.3493  1025.8174     5.4456     0.1123       1561 0.0000e+00
     86.922     86.409    15.1709    34.3497  1025.8186     5.4412     0.1169       1562 0.0000e+00
     87.076     86.560    15.1702    34.3495  1025.8193     5.4383     0.1273       1563 0.0000e+00
     87.231     86.715    15.1695    34.3493  1025.8201     5.4390     0.1338       1564 0.0000e+00
     87.390     86.872    15.1685    34.3497  1025.8213     5.4414     0.1347       1565 0.0000e+00
     87.550     87.031    15.1676    34.3503  1025.8227     5.4433     0.1317       1566 0.0000e+00
     87.713     87.192    15.1669    34.3511  1025.8240     5.4464     0.1273       1567 0.0000e+00
     87.875     87.354    15.1665    34.3515  1025.8252     5.4529     0.1254       1568 0.0000e+00
     88.036     87.514    15.1665    34.3515  1025.8259     5.4610     0.1240       1569 0.0000e+00
     88.195     87.673    15.1664    34.3512  1025.8264     5.4681     0.1221       1570 0.0000e+00
     88.354     87.832    15.1660    34.3513  1025.8273     5.4716     0.1212       1571 0.0000e+00
     88.513     87.989    15.1656    34.3519  1025.8286     5.4713     0.1213       1572 0.0000e+00
     88.667     88.143    15.1653    34.3529  1025.8301     5.4693     0.1223       1573 0.0000e+00
     88.821     88.296    15.1652    34.3541  1025.8317     5.4661     0.1235       1574 0.0000e+00
     88.974     88.448    15.1654    34.3550  1025.8330     5.4610     0.1243       1575 0.0000e+00
     89.125     88.598    15.1659    34.3554  1025.8339     5.4556     0.1243       1576 0.0000e+00
     89.277     88.749    15.1663    34.3554  1025.8345     5.4519     0.1232       1577 0.0000e+00
     89.429     88.901    15.1666    34.3554  1025.8350     5.4511     0.1220       1578 0.0000e+00
     89.583     89.053    15.1667    34.3550  1025.8354     5.4519     0.1214       1579 0.0000e+00
     89.739     89.208    15.1666    34.3543  1025.8355     5.4539     0.1220       1580 0.0000e+00
     89.897     89.365    15.1663    34.3540  1025.8361     5.4582     0.1243       1581 0.0000e+00
     90.056     89.523    15.1658    34.3549  1025.8376     5.4625     0.1249       1582 0.0000e+00
     90.216     89.682    15.1653    34.3562  1025.8395     5.4663     0.1201       1583 0.0000e+00
     90.376     89.840    15.1646    34.3574  1025.8412     5.4697     0.1138       1584 0.0000e+00
     90.533     89.997    15.1641    34.3582  1025.8425     5.4717     0.1112       1585 0.0000e+00
     90.692     90.155    15.1637    34.3586  1025.8437     5.4733     0.1102       1586 0.0000e+00
     90.854     90.316    15.1635    34.3587  1025.8447     5.4740     0.1124       1587 0.0000e+00
     91.016     90.477    15.1638    34.3585  1025.8451     5.4725     0.1188       1588 0.0000e+00
     91.176     90.636    15.1644    34.3580  1025.8453     5.4694     0.1229       1589 0.0000e+00
     91.335     90.795    15.1650    34.3575  1025.8454     5.4676     0.1234       1590 0.0000e+00
     91.493     90.952    15.1654    34.3571  1025.8459     5.4683     0.1241       1591 0.0000e+00
     91.651     91.108    15.1654    34.3570  1025.8464     5.4702     0.1248       1592 0.0000e+00
     91.807     91.264    15.1651    34.3573  1025.8473     5.4722     0.1243       1593 0.0000e+00
     91.963     91.420    15.1648    34.3577  1025.8484     5.4752     0.1235       1594 0.0000e+00
     92.116     91.572    15.1647    34.3578  1025.8492     5.4785     0.1205       1595 0.0000e+00
     92.265     91.720    15.1646    34.3578  1025.8499     5.4804     0.1157       1596 0.0000e+00
     92.413     91.867    15.1643    34.3580  1025.8508     5.4812     0.1127       1597 0.0000e+00
     92.559     92.013    15.1638    34.3585  1025.8519     5.4806     0.1115       1598 0.0000e+00
     92.704     92.156    15.1632    34.3592  1025.8531     5.4783     0.1143       1599 0.0000e+00
     92.850     92.300    15.1627    34.3596  1025.8543     5.4746     0.1196       1600 0.0000e+00
     92.998     92.448    15.1624    34.3598  1025.8552     5.4709     0.1229       1601 0.0000e+00
     93.149     92.598    15.1623    34.3601  1025.8561     5.4677     0.1244       1602 0.0000e+00
     93.303     92.751    15.1623    34.3605  1025.8571     5.4658     0.1256       1603 0.0000e+00
     93.462     92.908    15.1623    34.3615  1025.8585     5.4652     0.1260       1604 0.0000e+00
     93.625     93.071    15.1622    34.3628  1025.8604     5.4642     0.1248       1605 0.0000e+00
     93.794     93.237    15.1619    34.3640  1025.8621     5.4632     0.1222       1606 0.0000e+00
     93.966     93.408    15.1615    34.3648  1025.8635     5.4645     0.1206       1607 0.0000e+00
     94.140     93.581    15.1612    34.3653  1025.8647     5.4679     0.1183       1608 0.0000e+00
     94.315     93.755    15.1610    34.3655  1025.8657     5.4704     0.1145       1609 0.0000e+00
     94.492     93.930    15.1609    34.3655  1025.8665     5.4723     0.1117       1610 0.0000e+00
     94.667     94.105    15.1608    34.3656  1025.8673     5.4746     0.1102       1611 0.0000e+00
     94.838     94.275    15.1607    34.3656  1025.8682     5.4778     0.1102       1612 0.0000e+00
     95.008     94.444    15.1607    34.3655  1025.8689     5.4828     0.1101       1613 0.0000e+00
     95.173     94.609    15.1607    34.3654  1025.8695     5.4889     0.1099       1614 0.0000e+00
     95.334     94.770    15.1606    34.3654  1025.8702     5.4947     0.1122       1615 0.0000e+00
     95.492     94.928    15.1606    34.3654  1025.8710     5.5000     0.1200       1616 0.0000e+00
     95.645     95.080    15.1606    34.3654  1025.8716     5.5045     0.1316       1617 0.0000e+00
     95.795     95.229    15.1606    34.3652  1025.8721     5.5082     0.1375       1618 0.0000e+00
     95.945     95.378    15.1606    34.3650  1025.8726     5.5109     0.1362       1619 0.0000e+00
     96.091     95.525    15.1606    34.3650  1025.8733     5.5120     0.1282       1620 0.0000e+00
     96.236     95.669    15.1606    34.3650  1025.8740     5.5116     0.1169       1621 0.0000e+00
     96.380     95.812    15.1605    34.3649  1025.8746     5.5099     0.1113       1622 0.0000e+00
     96.526     95.955    15.1605    34.3648  1025.8751     5.5071     0.1115       1623 0.0000e+00
     96.672     96.100    15.1606    34.3647  1025.8757     5.5040     0.1184       1624 0.0000e+00
     96.821     96.248    15.1606    34.3647  1025.8764     5.5008     0.1311       1625 0.0000e+00
     96.971     96.398    15.1606    34.3648  1025.8772     5.4978     0.1372       1626 0.0000e+00
     97.123     96.549    15.1606    34.3651  1025.8780     5.4943     0.1359       1627 0.0000e+00
     97.276     96.701    15.1605    34.3652  1025.8788     5.4905     0.1334       1628 0.0000e+00
     97.428     96.853    15.1605    34.3652  1025.8794     5.4869     0.1254       1629 0.0000e+00
     97.583     97.006    15.1605    34.3650  1025.8800     5.4850     0.1143       1630 0.0000e+00
     97.738     97.159    15.1606    34.3649  1025.8805     5.4850     0.1102       1631 0.0000e+00
     97.892     97.313    15.1606    34.3646  1025.8810     5.4853     0.1106       1632 0.0000e+00
     98.046     97.466    15.1607    34.3644  1025.8815     5.4842     0.1133       1633 0.0000e+00
     98.200     97.618    15.1607    34.3645  1025.8822     5.4827     0.1185       1634 0.0000e+00
     98.355     97.773    15.1606    34.3647  1025.8831     5.4806     0.1213       1635 0.0000e+00
     98.512     97.928    15.1606    34.3649  1025.8840     5.4778     0.1235       1636 0.0000e+00
     98.671     98.087    15.1606    34.3651  1025.8848     5.4747     0.1286       1637 0.0000e+00
     98.831     98.247    15.1606    34.3652  1025.8857     5.4719     0.1339       1638 0.0000e+00
     98.993     98.407    15.1606    34.3655  1025.8866     5.4717     0.1353       1639 0.0000e+00
     99.158     98.570    15.1606    34.3659  1025.8876     5.4739     0.1344       1640 0.0000e+00
     99.325     98.736    15.1607    34.3663  1025.8886     5.4778     0.1293       1641 0.0000e+00
     99.496     98.904    15.1608    34.3667  1025.8896     5.4827     0.1190       1642 0.0000e+00
     99.667     99.075    15.1609    34.3669  1025.8905     5.4870     0.1124       1643 0.0000e+00
     99.840     99.247    15.1610    34.3669  1025.8913     5.4897     0.1129       1644 0.0000e+00
    100.014     99.420    15.1610    34.3671  1025.8922     5.4890     0.1200       1645 0.0000e+00
    100.188     99.592    15.1610    34.3674  1025.8932     5.4846     0.1299       1646 0.0000e+00
