Ori/ps_team/tsdiagram/20190703_01_h.cnv
* Sea-Bird SBE 19plus V2 Data File:
* FileName = D:\CTD Data\제주대학교 20190703\20190703_01.hex
* Software Version Seasave V 7.26.7.107
* Temperature SN = 7813
* Conductivity SN = 7813
* System UpLoad Time = Jul 03 2019 18:25:26
** Ship: ara
** Station: 5
** Operator: jblee
# nquan = 9
# nvalues = 3380                        
# units = specified
# name 0 = prdM: Pressure, Strain Gauge [db]
# name 1 = depSM: Depth [salt water, m], lat = 0.00
# name 2 = tv290C: Temperature [ITS-90, deg C]
# name 3 = sal00: Salinity, Practical [PSU]
# name 4 = density00: Density [density, kg/m^3]
# name 5 = sbeox0Mg/L: Oxygen, SBE 43 [mg/l]
# name 6 = flECO-AFL: Fluorescence, WET Labs ECO-AFL/FL [mg/m^3]
# name 7 = scan: Scan Count
# name 8 = flag:  0.000e+00
# span 0 =     -0.154,    125.526       
# span 1 =     -0.153,    124.801       
# span 2 =    15.1579,    23.5127       
# span 3 =     0.0113,    34.3704       
# span 4 =   997.4254,  1026.0065       
# span 5 =     4.2775,     8.4997       
# span 6 =    -0.5961,     1.2474       
# span 7 =          1,       3380       
# span 8 = 0.0000e+00, 0.0000e+00       
# interval = seconds: 0.25
# start_time = Jul 03 2019 09:25:26 [System UTC, header]
# bad_flag = -9.990e-29
*END*     
[from data line 2081]
      5.264      5.255    22.5531    32.8247  1022.4343     7.0180     0.6866       3230 0.0000e+00
      5.100      5.091    22.5499    32.8319  1022.4399     7.0092     0.7008       3231 0.0000e+00
      4.937      4.929    22.5512    32.8391  1022.4443     6.9988     0.7016       3232 0.0000e+00
      4.784      4.774    22.5589    32.8405  1022.4426     6.9911     0.6970       3233 0.0000e+00
      4.641      4.631    22.5700    32.8399  1022.4384     6.9948     0.6714       3234 0.0000e+00
      4.511      4.500    22.5822    32.8377  1022.4327     7.0027     0.6300       3235 0.0000e+00
      4.392      4.381    22.5941    32.8317  1022.4243     7.0042     0.6084       3236 0.0000e+00
      4.289      4.277    22.6035    32.8245  1022.4158     7.0056     0.6070       3237 0.0000e+00
      4.202      4.188    22.6087    32.8199  1022.4104     7.0092     0.6108       3238 0.0000e+00
      4.125      4.110    22.6107    32.8186  1022.4085     7.0119     0.6167       3239 0.0000e+00
      4.055      4.040    22.6115    32.8191  1022.4083     7.0138     0.6185       3240 0.0000e+00
      3.988      3.974    22.6124    32.8193  1022.4079     7.0133     0.6154       3241 0.0000e+00
      3.918      3.906    22.6136    32.8186  1022.4067     7.0123     0.6049       3242 0.0000e+00
      3.841      3.831    22.6149    32.8169  1022.4048     7.0185     0.5896       3243 0.0000e+00
      3.755      3.746    22.6164    32.8079  1022.3971     7.0301     0.5821       3244 0.0000e+00
      3.662      3.654    22.6189    32.7628  1022.3618     7.0389     0.5809       3245 0.0000e+00
      3.566      3.559    22.6226    32.7294  1022.3350     7.0424     0.5775       3246 0.0000e+00
      3.469      3.462    22.6261    32.7649  1022.3605     7.0376     0.5726       3247 0.0000e+00
      3.372      3.365    22.6249    32.7891  1022.3789     7.0272     0.5702       3248 0.0000e+00
      3.275      3.269    22.6111    32.7925  1022.3848     7.0190     0.5699       3249 0.0000e+00
      3.176      3.170    22.5929    32.8215  1022.4115     7.0077     0.5701       3250 0.0000e+00
      3.080      3.073    22.5899    32.8400  1022.4260     6.9899     0.5762       3251 0.0000e+00
      2.992      2.984    22.6019    32.8362  1022.4194     6.9734     0.5863       3252 0.0000e+00
      2.476      2.471    22.6438    32.8111  1022.3863     7.0100     0.6159       3262 0.0000e+00
      2.398      2.395    22.6447    32.8085  1022.3837     7.0163     0.6070       3263 0.0000e+00
      2.315      2.312    22.6433    32.7950  1022.3736     7.0281     0.5917       3264 0.0000e+00
      2.228      2.226    22.6326    32.7700  1022.3572     7.0336     0.5835       3265 0.0000e+00
      2.140      2.139    22.6041    32.7638  1022.3602     7.0291     0.5813       3266 0.0000e+00
      2.056      2.054    22.5642    32.7878  1022.3891     7.0207     0.5797       3267 0.0000e+00
      1.978      1.975    22.5308    32.8203  1022.4229     7.0102     0.5826       3268 0.0000e+00
      1.865      1.865    22.6531    32.8121  1022.3817     6.9855     0.5165       3331 0.0000e+00
      1.784      1.784    22.6535    32.8113  1022.3807     6.9850     0.5109       3332 0.0000e+00
      1.702      1.701    22.6533    32.8120  1022.3809     6.9822     0.5091       3333 0.0000e+00
      1.623      1.623    22.6544    32.8080  1022.3773     6.9808     0.5091       3334 0.0000e+00
      1.551      1.550    22.6580    32.8021  1022.3714     6.9827     0.4991       3335 0.0000e+00
      1.482      1.482    22.6636    32.8063  1022.3727     6.9859     0.4812       3336 0.0000e+00
      1.415      1.416    22.6701    32.8157  1022.3777     6.9916     0.4722       3337 0.0000e+00
      1.347      1.348    22.6779    32.8205  1022.3789     6.9998     0.4713       3338 0.0000e+00
      0.965      0.969    22.7254    32.8073  1022.3538     6.9764     0.4561       3345 0.0000e+00
      0.893      0.897    22.7298    32.8071  1022.3520     6.9642     0.4606       3346 0.0000e+00
      0.324      0.331    22.7417    32.8011  1022.3416     6.9460     0.3811       3356 0.0000e+00
      0.254      0.261    22.7447    32.8044  1022.3429     6.9235     0.3120       3357 0.0000e+00
 
