Ori/ps_team/tsdiagram/20190703_01_h.cnv
* Sea-Bird SBE 19plus V2 Data File:
* FileName = D:\CTD Data\제주대학교 20190703\20190703_01.hex
* Software Version Seasave V 7.26.7.107
* Temperature SN = 7813
* Conductivity SN = 7813
* System UpLoad Time = Jul 03 2019 18:25:26
** Ship: ara
** Station: 5
** Operator: jblee
# nquan = 9
# nvalues = 3380                        
# units = specified
# name 0 = prdM: Pressure, Strain Gauge [db]
# name 1 = depSM: Depth [salt water, m], lat = 0.00
# name 2 = tv290C: Temperature [ITS-90, deg C]
# name 3 = sal00: Salinity, Practical [PSU]
# name 4 = density00: Density [density, kg/m^3]
# name 5 = sbeox0Mg/L: Oxygen, SBE 43 [mg/l]
# name 6 = flECO-AFL: Fluorescence, WET Labs ECO-AFL/FL [mg/m^3]
# name 7 = scan: Scan Count
# name 8 = flag:  0.000e+00
# span 0 =     -0.154,    125.526       
# span 1 =     -0.153,    124.801       
# span 2 =    15.1579,    23.5127       
# span 3 =     0.0113,    34.3704       
# span 4 =   997.4254,  1026.0065       
# span 5 =     4.2775,     8.4997       
# span 6 =    -0.5961,     1.2474       
# span 7 =          1,       3380       
# span 8 = 0.0000e+00, 0.0000e+00       
# interval = seconds: 0.25
# start_time = Jul 03 2019 09:25:26 [System UTC, header]
# bad_flag = -9.990e-29
*END*     
[from data line 1921]
     28.846     28.699    18.1237    33.7512  1024.4124     6.8041     0.5335       2935 0.0000e+00
     28.727     28.582    18.1308    33.7491  1024.4085     6.8026     0.5323       2936 0.0000e+00
     28.612     28.467    18.1375    33.7462  1024.4042     6.8026     0.5325       2937 0.0000e+00
     28.498     28.353    18.1435    33.7432  1024.3999     6.8033     0.5337       2938 0.0000e+00
     28.386     28.240    18.1481    33.7413  1024.3968     6.8062     0.5351       2939 0.0000e+00
     28.274     28.129    18.1519    33.7409  1024.3950     6.8124     0.5405       2940 0.0000e+00
     28.164     28.020    18.1557    33.7405  1024.3933     6.8196     0.5510       2941 0.0000e+00
     28.060     27.916    18.1595    33.7395  1024.3910     6.8262     0.5570       2942 0.0000e+00
     27.958     27.815    18.1632    33.7386  1024.3890     6.8318     0.5571       2943 0.0000e+00
     27.859     27.716    18.1668    33.7382  1024.3874     6.8384     0.5567       2944 0.0000e+00
     27.760     27.617    18.1706    33.7383  1024.3861     6.8478     0.5584       2945 0.0000e+00
     27.660     27.518    18.1752    33.7377  1024.3842     6.8581     0.5635       2946 0.0000e+00
     27.563     27.421    18.1801    33.7364  1024.3816     6.8673     0.5684       2947 0.0000e+00
     27.468     27.326    18.1847    33.7347  1024.3787     6.8756     0.5700       2948 0.0000e+00
     27.372     27.231    18.1889    33.7336  1024.3765     6.8842     0.5721       2949 0.0000e+00
     27.276     27.136    18.1929    33.7329  1024.3744     6.8928     0.5761       2950 0.0000e+00
     27.175     27.036    18.1970    33.7320  1024.3723     6.9000     0.5791       2951 0.0000e+00
     27.070     26.932    18.2010    33.7311  1024.3701     6.9040     0.5805       2952 0.0000e+00
     26.960     26.824    18.2049    33.7311  1024.3687     6.9057     0.5815       2953 0.0000e+00
     26.847     26.712    18.2093    33.7336  1024.3690     6.9082     0.5826       2954 0.0000e+00
     26.731     26.596    18.2158    33.7370  1024.3695     6.9102     0.5827       2955 0.0000e+00
     26.611     26.476    18.2255    33.7375  1024.3670     6.9111     0.5821       2956 0.0000e+00
     26.491     26.358    18.2371    33.7348  1024.3615     6.9112     0.5839       2957 0.0000e+00
     26.373     26.240    18.2489    33.7320  1024.3560     6.9086     0.5876       2958 0.0000e+00
     26.253     26.120    18.2602    33.7292  1024.3505     6.9026     0.5911       2959 0.0000e+00
     26.136     26.003    18.2711    33.7257  1024.3446     6.8945     0.5945       2960 0.0000e+00
     26.025     25.893    18.2813    33.7219  1024.3388     6.8881     0.6017       2961 0.0000e+00
     25.921     25.789    18.2903    33.7179  1024.3329     6.8881     0.6129       2962 0.0000e+00
     25.822     25.690    18.2979    33.7141  1024.3276     6.8939     0.6182       2963 0.0000e+00
     25.727     25.596    18.3040    33.7121  1024.3242     6.9009     0.6177       2964 0.0000e+00
     25.637     25.506    18.3094    33.7130  1024.3232     6.9087     0.6165       2965 0.0000e+00
     25.550     25.418    18.3160    33.7158  1024.3234     6.9184     0.6127       2966 0.0000e+00
     25.465     25.334    18.3252    33.7186  1024.3228     6.9287     0.6084       2967 0.0000e+00
     25.380     25.250    18.3377    33.7198  1024.3203     6.9366     0.6085       2968 0.0000e+00
     25.292     25.162    18.3531    33.7182  1024.3148     6.9407     0.6098       2969 0.0000e+00
     25.199     25.070    18.3702    33.7145  1024.3074     6.9424     0.6105       2970 0.0000e+00
     25.102     24.974    18.3874    33.7105  1024.2995     6.9435     0.6140       2971 0.0000e+00
     24.998     24.872    18.4045    33.7072  1024.2923     6.9454     0.6177       2972 0.0000e+00
     24.890     24.765    18.4220    33.7048  1024.2856     6.9493     0.6190       2973 0.0000e+00
     24.779     24.655    18.4409    33.7028  1024.2790     6.9560     0.6185       2974 0.0000e+00
     24.666     24.543    18.4619    33.7012  1024.2720     6.9655     0.6175       2975 0.0000e+00
     24.550     24.428    18.4858    33.6977  1024.2630     6.9805     0.6183       2976 0.0000e+00
     24.431     24.309    18.5116    33.6902  1024.2503     6.9997     0.6208       2977 0.0000e+00
     24.311     24.190    18.5365    33.6797  1024.2355     7.0154     0.6293       2978 0.0000e+00
     24.193     24.073    18.5579    33.6702  1024.2223     7.0252     0.6449       2979 0.0000e+00
     24.078     23.958    18.5758    33.6631  1024.2120     7.0295     0.6551       2980 0.0000e+00
     23.969     23.848    18.5916    33.6570  1024.2028     7.0286     0.6578       2981 0.0000e+00
     23.866     23.746    18.6059    33.6518  1024.1948     7.0263     0.6660       2982 0.0000e+00
     23.770     23.649    18.6190    33.6473  1024.1877     7.0242     0.6804       2983 0.0000e+00
     23.676     23.555    18.6311    33.6424  1024.1806     7.0226     0.6895       2984 0.0000e+00
     23.587     23.466    18.6414    33.6380  1024.1743     7.0245     0.6914       2985 0.0000e+00
     23.502     23.381    18.6500    33.6346  1024.1692     7.0311     0.6900       2986 0.0000e+00
     23.418     23.298    18.6574    33.6327  1024.1654     7.0391     0.6879       2987 0.0000e+00
     23.332     23.213    18.6645    33.6329  1024.1634     7.0469     0.6886       2988 0.0000e+00
     23.244     23.126    18.6727    33.6383  1024.1651     7.0534     0.6912       2989 0.0000e+00
     23.155     23.037    18.6852    33.6487  1024.1696     7.0578     0.6932       2990 0.0000e+00
     23.064     22.947    18.7063    33.6561  1024.1696     7.0616     0.6991       2991 0.0000e+00
     22.967     22.851    18.7365    33.6547  1024.1605     7.0656     0.7090       2992 0.0000e+00
     22.863     22.748    18.7719    33.6467  1024.1450     7.0703     0.7151       2993 0.0000e+00
     22.752     22.640    18.8081    33.6379  1024.1287     7.0759     0.7199       2994 0.0000e+00
     22.638     22.526    18.8441    33.6278  1024.1114     7.0830     0.7335       2995 0.0000e+00
     22.519     22.408    18.8791    33.6139  1024.0914     7.0929     0.7520       2996 0.0000e+00
     22.397     22.287    18.9099    33.6010  1024.0733     7.1043     0.7616       2997 0.0000e+00
     22.273     22.164    18.9358    33.5931  1024.0601     7.1130     0.7659       2998 0.0000e+00
     22.148     22.040    18.9594    33.5890  1024.0506     7.1170     0.7832       2999 0.0000e+00
     22.024     21.916    18.9835    33.5860  1024.0416     7.1168     0.8099       3000 0.0000e+00
     21.904     21.796    19.0095    33.5789  1024.0291     7.1143     0.8245       3001 0.0000e+00
     21.787     21.680    19.0346    33.5687  1024.0144     7.1120     0.8285       3002 0.0000e+00
     21.674     21.567    19.0564    33.5622  1024.0034     7.1132     0.8318       3003 0.0000e+00
     21.566     21.459    19.0760    33.5598  1023.9962     7.1187     0.8351       3004 0.0000e+00
     21.463     21.356    19.0963    33.5606  1023.9911     7.1268     0.8380       3005 0.0000e+00
     21.369     21.260    19.1197    33.5627  1023.9864     7.1365     0.8408       3006 0.0000e+00
     21.140     21.034    19.5649    33.4418  1023.7792     7.2498     1.1722       3125 0.0000e+00
     21.047     20.943    19.5709    33.4450  1023.7796     7.2560     1.1518       3126 0.0000e+00
     20.941     20.839    19.5802    33.4461  1023.7777     7.2591     1.1500       3127 0.0000e+00
     20.822     20.722    19.5916    33.4445  1023.7730     7.2575     1.1476       3128 0.0000e+00
     20.690     20.592    19.6037    33.4398  1023.7656     7.2545     1.1298       3129 0.0000e+00
     20.543     20.448    19.6146    33.4311  1023.7555     7.2495     1.1026       3130 0.0000e+00
     20.387     20.293    19.6216    33.4266  1023.7496     7.2432     1.0901       3131 0.0000e+00
     20.228     20.134    19.6260    33.4380  1023.7565     7.2390     1.0908       3132 0.0000e+00
     20.068     19.975    19.6378    33.4586  1023.7684     7.2359     1.0940       3133 0.0000e+00
     19.906     19.814    19.6658    33.4724  1023.7710     7.2319     1.0994       3134 0.0000e+00
     19.744     19.653    19.7083    33.4765  1023.7624     7.2271     1.1049       3135 0.0000e+00
     19.583     19.493    19.7605    33.4749  1023.7470     7.2232     1.1087       3136 0.0000e+00
     19.425     19.336    19.8198    33.4718  1023.7284     7.2216     1.1232       3137 0.0000e+00
     19.272     19.183    19.8853    33.4679  1023.7078     7.2236     1.1474       3138 0.0000e+00
     19.126     19.037    19.9576    33.4553  1023.6787     7.2321     1.1602       3139 0.0000e+00
     18.985     18.897    20.0326    33.4343  1023.6424     7.2474     1.1589       3140 0.0000e+00
     18.846     18.759    20.1034    33.4154  1023.6088     7.2687     1.1472       3141 0.0000e+00
     18.708     18.622    20.1694    33.3979  1023.5776     7.2941     1.1326       3142 0.0000e+00
     18.570     18.485    20.2317    33.3716  1023.5407     7.3200     1.1274       3143 0.0000e+00
     18.432     18.347    20.2846    33.3389  1023.5012     7.3438     1.1324       3144 0.0000e+00
     18.291     18.208    20.3218    33.3088  1023.4678     7.3656     1.1654       3145 0.0000e+00
     18.145     18.063    20.3421    33.2817  1023.4412     7.3855     1.2190       3146 0.0000e+00
     17.990     17.910    20.3455    33.2595  1023.4227     7.4003     1.2474       3147 0.0000e+00
     17.828     17.749    20.3321    33.2512  1023.4191     7.4076     1.2466       3148 0.0000e+00
     17.660     17.582    20.3082    33.2468  1023.4213     7.4096     1.2274       3149 0.0000e+00
     17.489     17.413    20.2767    33.2264  1023.4133     7.4051     1.1997       3150 0.0000e+00
     17.319     17.243    20.2289    33.2138  1023.4157     7.3950     1.1886       3151 0.0000e+00
     17.148     17.073    20.1652    33.2462  1023.4563     7.3800     1.1905       3152 0.0000e+00
     15.798     15.730    20.5739    33.2851  1023.3721     7.2670     1.1409       3160 0.0000e+00
     15.642     15.574    20.6093    33.2631  1023.3452     7.2879     1.1399       3161 0.0000e+00
     15.488     15.421    20.6332    33.2456  1023.3248     7.3065     1.1372       3162 0.0000e+00
     15.338     15.272    20.6471    33.2318  1023.3100     7.3229     1.1299       3163 0.0000e+00
     15.189     15.124    20.6525    33.2237  1023.3016     7.3336     1.1252       3164 0.0000e+00
     15.039     14.974    20.6519    33.2242  1023.3017     7.3342     1.1263       3165 0.0000e+00
     14.887     14.822    20.6503    33.2298  1023.3057     7.3276     1.1300       3166 0.0000e+00
     14.736     14.672    20.6519    33.2298  1023.3045     7.3167     1.1351       3167 0.0000e+00
     14.585     14.522    20.6546    33.2221  1023.2974     7.3036     1.1382       3168 0.0000e+00
     14.431     14.370    20.6531    33.2166  1023.2928     7.2933     1.1371       3169 0.0000e+00
     14.276     14.216    20.6473    33.2163  1023.2934     7.2884     1.1279       3170 0.0000e+00
     14.117     14.058    20.6394    33.2093  1023.2896     7.2884     1.1126       3171 0.0000e+00
     13.954     13.896    20.6254    33.1967  1023.2830     7.2922     1.1046       3172 0.0000e+00
     13.789     13.732    20.6009    33.1904  1023.2840     7.2977     1.1039       3173 0.0000e+00
     13.620     13.565    20.5693    33.1992  1023.2984     7.3032     1.1030       3174 0.0000e+00
     12.126     12.078    21.1506    33.1912  1023.1298     7.3023     1.0851       3183 0.0000e+00
     11.971     11.923    21.2112    33.1590  1023.0882     7.3060     1.0426       3184 0.0000e+00
     11.817     11.770    21.2549    33.1326  1023.0556     7.3050     1.0205       3185 0.0000e+00
     11.666     11.620    21.2848    33.1105  1023.0300     7.3025     1.0202       3186 0.0000e+00
     11.517     11.471    21.3022    33.1084  1023.0230     7.2995     1.0335       3187 0.0000e+00
     11.367     11.323    21.3182    33.1227  1023.0288     7.2919     1.0550       3188 0.0000e+00
     11.217     11.173    21.3457    33.1242  1023.0220     7.2802     1.0654       3189 0.0000e+00
     11.063     11.021    21.3807    33.1024  1022.9952     7.2688     1.0708       3190 0.0000e+00
     10.908     10.867    21.4073    33.0720  1022.9641     7.2604     1.1014       3191 0.0000e+00
     10.750     10.710    21.4162    33.0477  1022.9425     7.2553     1.1497       3192 0.0000e+00
     10.588     10.549    21.4080    33.0400  1022.9381     7.2518     1.1735       3193 0.0000e+00
     10.424     10.387    21.3911    33.0530  1022.9519     7.2467     1.1743       3194 0.0000e+00
     10.261     10.224    21.3790    33.0701  1022.9676     7.2365     1.1690       3195 0.0000e+00
     10.096     10.060    21.3793    33.0744  1022.9701     7.2214     1.1364       3196 0.0000e+00
      9.934      9.898    21.3865    33.0770  1022.9694     7.2053     1.0837       3197 0.0000e+00
      9.772      9.737    21.3987    33.0848  1022.9712     7.1903     1.0550       3198 0.0000e+00
      9.611      9.577    21.4204    33.0944  1022.9720     7.1772     1.0497       3199 0.0000e+00
      9.451      9.418    21.4557    33.1240  1022.9840     7.1694     1.0376       3200 0.0000e+00
      8.987      8.956    21.7628    33.1305  1022.9028     7.1787     0.9927       3203 0.0000e+00
      8.840      8.808    21.8887    33.0582  1022.8125     7.1912     0.9336       3204 0.0000e+00
      8.698      8.666    21.9792    33.0023  1022.7443     7.2052     0.8405       3205 0.0000e+00
      8.554      8.524    22.0376    32.9651  1022.6993     7.2144     0.7932       3206 0.0000e+00
      8.409      8.380    22.0735    32.9436  1022.6724     7.2127     0.7853       3207 0.0000e+00
      8.263      8.235    22.0954    32.9365  1022.6602     7.1982     0.7613       3208 0.0000e+00
      8.117      8.090    22.1122    32.9349  1022.6538     7.1732     0.7249       3209 0.0000e+00
      7.970      7.944    22.1290    32.9327  1022.6468     7.1414     0.7074       3210 0.0000e+00
      7.822      7.797    22.1464    32.9307  1022.6397     7.1072     0.7055       3211 0.0000e+00
      7.674      7.650    22.1639    32.9272  1022.6315     7.0765     0.6982       3212 0.0000e+00
      7.525      7.502    22.1808    32.9241  1022.6238     7.0552     0.6866       3213 0.0000e+00
      7.376      7.353    22.1970    32.9263  1022.6203     7.0440     0.6801       3214 0.0000e+00
      7.226      7.203    22.2153    32.9359  1022.6218     7.0405     0.6793       3215 0.0000e+00
      7.080      7.058    22.2416    32.9469  1022.6222     7.0438     0.6791       3216 0.0000e+00
      6.941      6.918    22.2802    32.9470  1022.6110     7.0517     0.6696       3217 0.0000e+00
      6.810      6.787    22.3268    32.9345  1022.5878     7.0626     0.6524       3218 0.0000e+00
      6.688      6.664    22.3729    32.9187  1022.5624     7.0749     0.6424       3219 0.0000e+00
      6.572      6.549    22.4144    32.9031  1022.5384     7.0859     0.6433       3220 0.0000e+00
      6.458      6.436    22.4507    32.8858  1022.5146     7.0943     0.6608       3221 0.0000e+00
      6.344      6.323    22.4805    32.8699  1022.4936     7.0989     0.6886       3222 0.0000e+00
      6.229      6.208    22.5029    32.8564  1022.4766     7.0996     0.7021       3223 0.0000e+00
      6.110      6.090    22.5183    32.8443  1022.4626     7.0958     0.6998       3224 0.0000e+00
      5.988      5.970    22.5272    32.8380  1022.4548     7.0868     0.6824       3225 0.0000e+00
      5.860      5.844    22.5317    32.8400  1022.4545     7.0742     0.6548       3226 0.0000e+00
      5.724      5.709    22.5371    32.8429  1022.4546     7.0586     0.6419       3227 0.0000e+00
      5.579      5.567    22.5457    32.8380  1022.4478     7.0423     0.6449       3228 0.0000e+00
