Ori/ps_team/tsdiagram/20190703_01_h.cnv
* Sea-Bird SBE 19plus V2 Data File:
* FileName = D:\CTD Data\제주대학교 20190703\20190703_01.hex
* Software Version Seasave V 7.26.7.107
* Temperature SN = 7813
* Conductivity SN = 7813
* System UpLoad Time = Jul 03 2019 18:25:26
** Ship: ara
** Station: 5
** Operator: jblee
# nquan = 9
# nvalues = 3380                        
# units = specified
# name 0 = prdM: Pressure, Strain Gauge [db]
# name 1 = depSM: Depth [salt water, m], lat = 0.00
# name 2 = tv290C: Temperature [ITS-90, deg C]
# name 3 = sal00: Salinity, Practical [PSU]
# name 4 = density00: Density [density, kg/m^3]
# name 5 = sbeox0Mg/L: Oxygen, SBE 43 [mg/l]
# name 6 = flECO-AFL: Fluorescence, WET Labs ECO-AFL/FL [mg/m^3]
# name 7 = scan: Scan Count
# name 8 = flag:  0.000e+00
# span 0 =     -0.154,    125.526       
# span 1 =     -0.153,    124.801       
# span 2 =    15.1579,    23.5127       
# span 3 =     0.0113,    34.3704       
# span 4 =   997.4254,  1026.0065       
# span 5 =     4.2775,     8.4997       
# span 6 =    -0.5961,     1.2474       
# span 7 =          1,       3380       
# span 8 = 0.0000e+00, 0.0000e+00       
# interval = seconds: 0.25
# start_time = Jul 03 2019 09:25:26 [System UTC, header]
# bad_flag = -9.990e-29
*END*     
[from data line 321]
     50.739     50.436    16.6374    33.8771  1024.9617     6.2091     0.3765       1328 0.0000e+00
     50.892     50.588    16.6365    33.8783  1024.9634     6.2062     0.3766       1329 0.0000e+00
     51.040     50.735    16.6357    33.8741  1024.9610     6.2002     0.3829       1330 0.0000e+00
     51.187     50.881    16.6321    33.8628  1024.9539     6.1943     0.3948       1331 0.0000e+00
     51.333     51.027    16.6222    33.8510  1024.9477     6.1911     0.4014       1332 0.0000e+00
     51.480     51.173    16.6051    33.8460  1024.9485     6.1903     0.3990       1333 0.0000e+00
     51.628     51.321    16.5844    33.8468  1024.9547     6.1900     0.3935       1334 0.0000e+00
     51.778     51.470    16.5637    33.8507  1024.9632     6.1880     0.3893       1335 0.0000e+00
     51.928     51.619    16.5449    33.8555  1024.9719     6.1879     0.3871       1336 0.0000e+00
     52.079     51.768    16.5283    33.8555  1024.9762     6.1914     0.3862       1337 0.0000e+00
     52.232     51.920    16.5120    33.8547  1024.9802     6.1937     0.3844       1338 0.0000e+00
     52.384     52.072    16.4959    33.8639  1024.9918     6.1906     0.3805       1339 0.0000e+00
     52.534     52.221    16.4839    33.8753  1025.0039     6.1824     0.3778       1340 0.0000e+00
     52.684     52.370    16.4777    33.8739  1025.0050     6.1717     0.3765       1341 0.0000e+00
     52.832     52.518    16.4719    33.8649  1025.0000     6.1593     0.3742       1342 0.0000e+00
     52.978     52.663    16.4626    33.8645  1025.0025     6.1450     0.3695       1343 0.0000e+00
     53.123     52.807    16.4526    33.8745  1025.0132     6.1288     0.3636       1344 0.0000e+00
     53.266     52.949    16.4469    33.8822  1025.0211     6.1136     0.3610       1345 0.0000e+00
     53.410     53.092    16.4454    33.8833  1025.0228     6.1041     0.3634       1346 0.0000e+00
     53.554     53.236    16.4449    33.8804  1025.0213     6.1004     0.3685       1347 0.0000e+00
     53.698     53.379    16.4432    33.8698  1025.0142     6.0986     0.3734       1348 0.0000e+00
     53.841     53.521    16.4373    33.8521  1025.0027     6.0985     0.3765       1349 0.0000e+00
     53.985     53.664    16.4238    33.8419  1024.9986     6.1003     0.3762       1350 0.0000e+00
     54.131     53.808    16.4045    33.8468  1025.0075     6.0999     0.3748       1351 0.0000e+00
     54.280     53.957    16.3862    33.8583  1025.0212     6.0941     0.3753       1352 0.0000e+00
     54.433     54.109    16.3732    33.8658  1025.0306     6.0838     0.3764       1353 0.0000e+00
     54.588     54.262    16.3647    33.8687  1025.0355     6.0704     0.3757       1354 0.0000e+00
     54.744     54.417    16.3579    33.8712  1025.0397     6.0569     0.3737       1355 0.0000e+00
     54.902     54.575    16.3525    33.8724  1025.0426     6.0478     0.3735       1356 0.0000e+00
     55.059     54.730    16.3475    33.8720  1025.0441     6.0426     0.3749       1357 0.0000e+00
     55.214     54.885    16.3418    33.8733  1025.0471     6.0386     0.3758       1358 0.0000e+00
     55.370     55.040    16.3357    33.8769  1025.0519     6.0358     0.3759       1359 0.0000e+00
     55.524     55.194    16.3309    33.8800  1025.0561     6.0357     0.3733       1360 0.0000e+00
     55.675     55.344    16.3274    33.8806  1025.0580     6.0380     0.3680       1361 0.0000e+00
     55.826     55.494    16.3240    33.8803  1025.0593     6.0415     0.3647       1362 0.0000e+00
     55.978     55.645    16.3199    33.8814  1025.0617     6.0446     0.3645       1363 0.0000e+00
     56.130     55.796    16.3155    33.8837  1025.0652     6.0470     0.3642       1364 0.0000e+00
     56.281     55.946    16.3118    33.8865  1025.0688     6.0481     0.3637       1365 0.0000e+00
     56.431     56.096    16.3091    33.8896  1025.0725     6.0459     0.3639       1366 0.0000e+00
     56.583     56.246    16.3078    33.8935  1025.0765     6.0423     0.3637       1367 0.0000e+00
     56.738     56.399    16.3076    33.8970  1025.0800     6.0410     0.3641       1368 0.0000e+00
     56.893     56.553    16.3083    33.8989  1025.0820     6.0428     0.3647       1369 0.0000e+00
     57.049     56.709    16.3094    33.8999  1025.0831     6.0477     0.3641       1370 0.0000e+00
     57.205     56.864    16.3104    33.8999  1025.0837     6.0551     0.3622       1371 0.0000e+00
     57.363     57.020    16.3110    33.9014  1025.0854     6.0635     0.3552       1372 0.0000e+00
     57.523     57.180    16.3116    33.9058  1025.0892     6.0706     0.3444       1373 0.0000e+00
     57.685     57.340    16.3130    33.9096  1025.0925     6.0757     0.3395       1374 0.0000e+00
     57.846     57.500    16.3150    33.9109  1025.0938     6.0778     0.3399       1375 0.0000e+00
     58.008     57.662    16.3170    33.9115  1025.0945     6.0772     0.3400       1376 0.0000e+00
     58.168     57.822    16.3189    33.9126  1025.0956     6.0755     0.3389       1377 0.0000e+00
     58.323     57.977    16.3205    33.9152  1025.0979     6.0716     0.3377       1378 0.0000e+00
     58.475     58.128    16.3225    33.9206  1025.1023     6.0653     0.3374       1379 0.0000e+00
     58.625     58.277    16.3256    33.9271  1025.1072     6.0611     0.3381       1380 0.0000e+00
     58.774     58.425    16.3302    33.9314  1025.1101     6.0611     0.3387       1381 0.0000e+00
     58.919     58.570    16.3352    33.9311  1025.1093     6.0631     0.3390       1382 0.0000e+00
     59.060     58.710    16.3396    33.9292  1025.1076     6.0672     0.3385       1383 0.0000e+00
     59.200     58.850    16.3426    33.9314  1025.1091     6.0766     0.3377       1384 0.0000e+00
     59.343     58.992    16.3453    33.9408  1025.1164     6.0908     0.3340       1385 0.0000e+00
     59.488     59.136    16.3496    33.9535  1025.1257     6.1073     0.3285       1386 0.0000e+00
     59.632     59.278    16.3560    33.9608  1025.1304     6.1254     0.3264       1387 0.0000e+00
     59.778     59.422    16.3629    33.9629  1025.1311     6.1426     0.3265       1388 0.0000e+00
     59.930     59.572    16.3687    33.9655  1025.1326     6.1560     0.3232       1389 0.0000e+00
     60.085     59.727    16.3726    33.9690  1025.1350     6.1652     0.3166       1390 0.0000e+00
     60.240     59.881    16.3744    33.9728  1025.1381     6.1718     0.3131       1391 0.0000e+00
     60.397     60.037    16.3743    33.9783  1025.1431     6.1776     0.3128       1392 0.0000e+00
     60.557     60.196    16.3718    33.9837  1025.1486     6.1830     0.3063       1393 0.0000e+00
     60.720     60.357    16.3634    33.9830  1025.1507     6.1885     0.2940       1394 0.0000e+00
     60.882     60.520    16.3439    33.9798  1025.1534     6.1939     0.2876       1395 0.0000e+00
     61.044     60.681    16.3130    33.9831  1025.1638     6.1962     0.2869       1396 0.0000e+00
     61.204     60.840    16.2788    33.9918  1025.1791     6.1945     0.2842       1397 0.0000e+00
     61.360     60.996    16.2471    33.9988  1025.1925     6.1889     0.2794       1398 0.0000e+00
     61.512     61.147    16.2185    34.0023  1025.2023     6.1788     0.2763       1399 0.0000e+00
     61.657     61.292    16.1915    34.0075  1025.2132     6.1664     0.2751       1400 0.0000e+00
     61.796     61.431    16.1668    34.0174  1025.2271     6.1536     0.2743       1401 0.0000e+00
     61.932     61.567    16.1467    34.0272  1025.2399     6.1430     0.2745       1402 0.0000e+00
     62.067     61.701    16.1316    34.0341  1025.2492     6.1381     0.2751       1403 0.0000e+00
     62.201     61.834    16.1202    34.0399  1025.2569     6.1375     0.2769       1404 0.0000e+00
     62.335     61.967    16.1115    34.0453  1025.2637     6.1399     0.2799       1405 0.0000e+00
     62.472     62.102    16.1055    34.0489  1025.2684     6.1456     0.2840       1406 0.0000e+00
     62.613     62.242    16.1014    34.0498  1025.2706     6.1541     0.2905       1407 0.0000e+00
     62.759     62.387    16.0978    34.0477  1025.2705     6.1636     0.2937       1408 0.0000e+00
     62.914     62.540    16.0934    34.0441  1025.2694     6.1720     0.2913       1409 0.0000e+00
     63.074     62.698    16.0867    34.0420  1025.2700     6.1772     0.2864       1410 0.0000e+00
     63.241     62.863    16.0774    34.0400  1025.2713     6.1792     0.2808       1411 0.0000e+00
     63.414     63.035    16.0648    34.0375  1025.2730     6.1800     0.2786       1412 0.0000e+00
     63.594     63.213    16.0480    34.0387  1025.2787     6.1794     0.2801       1413 0.0000e+00
     63.776     63.393    16.0275    34.0460  1025.2897     6.1780     0.2858       1414 0.0000e+00
     63.956     63.574    16.0068    34.0565  1025.3034     6.1756     0.2950       1415 0.0000e+00
     64.135     63.752    15.9888    34.0675  1025.3168     6.1716     0.3016       1416 0.0000e+00
     64.308     63.925    15.9739    34.0782  1025.3291     6.1653     0.3029       1417 0.0000e+00
     64.478     64.094    15.9609    34.0909  1025.3426     6.1565     0.3011       1418 0.0000e+00
     64.640     64.256    15.9488    34.1060  1025.3577     6.1449     0.2938       1419 0.0000e+00
     64.794     64.410    15.9381    34.1197  1025.3714     6.1288     0.2823       1420 0.0000e+00
     64.943     64.559    15.9296    34.1297  1025.3817     6.1103     0.2782       1421 0.0000e+00
     65.089     64.704    15.9233    34.1365  1025.3889     6.0943     0.2804       1422 0.0000e+00
     65.229     64.844    15.9189    34.1419  1025.3947     6.0826     0.2803       1423 0.0000e+00
     65.365     64.980    15.9159    34.1481  1025.4007     6.0734     0.2794       1424 0.0000e+00
     65.501     65.115    15.9139    34.1559  1025.4078     6.0659     0.2794       1425 0.0000e+00
     65.638     65.250    15.9127    34.1666  1025.4169     6.0599     0.2761       1426 0.0000e+00
     65.777     65.388    15.9119    34.1788  1025.4271     6.0551     0.2673       1427 0.0000e+00
     65.919     65.529    15.9117    34.1892  1025.4357     6.0523     0.2570       1428 0.0000e+00
     66.065     65.674    15.9119    34.1957  1025.4413     6.0506     0.2524       1429 0.0000e+00
     66.214     65.822    15.9120    34.1967  1025.4428     6.0471     0.2511       1430 0.0000e+00
     66.369     65.975    15.9102    34.1914  1025.4397     6.0401     0.2355       1431 0.0000e+00
     66.530     66.134    15.9040    34.1828  1025.4353     6.0287     0.2082       1432 0.0000e+00
     66.695     66.297    15.8918    34.1750  1025.4328     6.0127     0.1940       1433 0.0000e+00
     66.860     66.462    15.8739    34.1711  1025.4347     5.9935     0.1934       1434 0.0000e+00
     67.029     66.630    15.8522    34.1729  1025.4417     5.9692     0.1873       1435 0.0000e+00
     67.199     66.799    15.8295    34.1786  1025.4519     5.9388     0.1745       1436 0.0000e+00
     67.366     66.966    15.8082    34.1819  1025.4601     5.9036     0.1668       1437 0.0000e+00
     67.530     67.128    15.7870    34.1810  1025.4649     5.8645     0.1676       1438 0.0000e+00
     67.690     67.288    15.7637    34.1823  1025.4719     5.8237     0.1701       1439 0.0000e+00
     67.845     67.443    15.7389    34.1902  1025.4842     5.7835     0.1648       1440 0.0000e+00
     67.995     67.593    15.7157    34.2010  1025.4986     5.7441     0.1546       1441 0.0000e+00
     68.145     67.741    15.6961    34.2111  1025.5113     5.7065     0.1487       1442 0.0000e+00
     68.295     67.891    15.6796    34.2193  1025.5220     5.6745     0.1454       1443 0.0000e+00
     68.447     68.042    15.6654    34.2260  1025.5311     5.6506     0.1424       1444 0.0000e+00
     68.597     68.191    15.6527    34.2321  1025.5393     5.6350     0.1395       1445 0.0000e+00
     68.744     68.337    15.6412    34.2373  1025.5465     5.6267     0.1367       1446 0.0000e+00
     68.892     68.484    15.6308    34.2406  1025.5521     5.6250     0.1350       1447 0.0000e+00
     69.046     68.636    15.6204    34.2419  1025.5561     5.6300     0.1340       1448 0.0000e+00
     69.201     68.791    15.6091    34.2429  1025.5601     5.6391     0.1339       1449 0.0000e+00
     69.359     68.948    15.5965    34.2451  1025.5653     5.6490     0.1335       1450 0.0000e+00
     69.516     69.104    15.5836    34.2483  1025.5714     5.6578     0.1337       1451 0.0000e+00
     69.673     69.260    15.5709    34.2523  1025.5780     5.6639     0.1357       1452 0.0000e+00
     69.830     69.416    15.5591    34.2575  1025.5853     5.6654     0.1368       1453 0.0000e+00
     69.987     69.572    15.5492    34.2632  1025.5926     5.6624     0.1347       1454 0.0000e+00
     70.142     69.727    15.5418    34.2682  1025.5988     5.6568     0.1322       1455 0.0000e+00
     70.297     69.880    15.5368    34.2719  1025.6035     5.6498     0.1296       1456 0.0000e+00
     70.452     70.035    15.5336    34.2744  1025.6069     5.6422     0.1262       1457 0.0000e+00
     70.609     70.191    15.5320    34.2755  1025.6088     5.6357     0.1238       1458 0.0000e+00
     70.765     70.346    15.5312    34.2759  1025.6099     5.6306     0.1226       1459 0.0000e+00
     70.922     70.502    15.5307    34.2762  1025.6109     5.6268     0.1225       1460 0.0000e+00
     71.082     70.660    15.5303    34.2763  1025.6119     5.6242     0.1242       1461 0.0000e+00
     71.242     70.819    15.5300    34.2759  1025.6123     5.6223     0.1255       1462 0.0000e+00
     71.403     70.978    15.5295    34.2751  1025.6126     5.6214     0.1243       1463 0.0000e+00
     71.567     71.141    15.5287    34.2735  1025.6121     5.6237     0.1219       1464 0.0000e+00
     71.734     71.308    15.5268    34.2714  1025.6118     5.6311     0.1179       1465 0.0000e+00
     71.902     71.474    15.5235    34.2712  1025.6132     5.6411     0.1121       1466 0.0000e+00
     72.069     71.640    15.5196    34.2732  1025.6162     5.6492     0.1092       1467 0.0000e+00
     72.235     71.805    15.5162    34.2753  1025.6193     5.6543     0.1112       1468 0.0000e+00
     72.401     71.971    15.5139    34.2762  1025.6213     5.6571     0.1176       1469 0.0000e+00
     72.570     72.139    15.5123    34.2767  1025.6228     5.6577     0.1270       1470 0.0000e+00
     72.740     72.307    15.5109    34.2773  1025.6243     5.6557     0.1325       1471 0.0000e+00
     72.905     72.472    15.5097    34.2777  1025.6255     5.6532     0.1319       1472 0.0000e+00
     73.065     72.631    15.5086    34.2775  1025.6264     5.6508     0.1265       1473 0.0000e+00
     73.223     72.789    15.5074    34.2773  1025.6272     5.6490     0.1181       1474 0.0000e+00
     73.379     72.946    15.5062    34.2776  1025.6284     5.6489     0.1129       1475 0.0000e+00
     73.532     73.097    15.5050    34.2780  1025.6296     5.6498     0.1121       1476 0.0000e+00
     73.679     73.244    15.5038    34.2782  1025.6306     5.6494     0.1132       1477 0.0000e+00
     73.824     73.388    15.5026    34.2784  1025.6317     5.6463     0.1162       1478 0.0000e+00
     73.964     73.528    15.5014    34.2784  1025.6326     5.6416     0.1199       1479 0.0000e+00
     74.101     73.665    15.5001    34.2783  1025.6335     5.6372     0.1224       1480 0.0000e+00
     74.237     73.801    15.4986    34.2788  1025.6348     5.6339     0.1235       1481 0.0000e+00
     74.372     73.935    15.4972    34.2794  1025.6361     5.6313     0.1238       1482 0.0000e+00
     74.507     74.068    15.4961    34.2799  1025.6374     5.6292     0.1233       1483 0.0000e+00
     74.644     74.203    15.4951    34.2806  1025.6387     5.6292     0.1229       1484 0.0000e+00
     74.783     74.341    15.4947    34.2810  1025.6398     5.6328     0.1214       1485 0.0000e+00
     74.929     74.486    15.4946    34.2806  1025.6402     5.6381     0.1145       1486 0.0000e+00
